50
5 8 11 12
14 5 2
6 12 2
11 22 2
13 26 2
3 30 2
5 11 14 15
13 6 8
22 6 8
31 15 8
28 24 8
20 17 8
4 2 2 9
20 19 10
20 21 10
22 19 10
31 29 10
4 9 14 15
18 5 18
12 -4 18
10 6 18
4 -1 18
3 7 15 15
19 5 12
11 13 12
9 14 12
4 6 13 15
14 14 12
23 18 12
28 8 12
19 13 12
3 1 12 15
5 0 17
10 0 17
6 -9 17
3 5 13 14
17 17 14
21 16 14
27 23 14
4 3 13 15
16 5 3
21 6 3
28 9 3
35 1 3
4 5 9 13
6 2 19
-1 1 19
-5 7 19
4 6 19
5 1 1 1
3 12 7
2 6 -1
8 15 2
14 16 6
8 16 0
9 1 1 1
0 13 20
4 7 30
14 17 23
20 18 14
12 17 13
8 24 17
14 19 8
14 12 4
14 9 8
8 1 1 1
7 8 5
0 9 14
3 -1 9
13 4 12
11 7 7
7 -1 1
12 8 1
6 7 8
7 1 1 1
16 13 15
8 5 11
7 1 2
17 -8 10
15 -4 14
12 -14 24
21 -8 33
6 1 1 1
9 9 7
5 9 12
15 17 7
19 12 8
18 22 0
12 24 -2
5 1 1 1
12 2 10
17 1 2
18 11 0
26 3 3
21 7 12
7 1 1 1
8 5 13
-1 7 16
7 10 14
17 2 7
8 -8 6
15 -7 -4
21 3 -12
7 1 1 1
13 15 16
3 20 9
13 22 18
5 21 11
-3 21 3
7 25 -7
8 18 -14
5 1 1 1
2 17 10
-5 23 0
1 16 5
-3 12 -2
-3 14 -8
5 1 1 1
2 16 7
-8 11 3
-17 9 12
-19 5 7
-28 7 11
7 1 3 14
-81 -12 -65
-83 -2 -56
-74 -1 -50
-81 3 -58
-83 -5 -53
-80 -15 -54
-75 -10 -59
5 4 5 5
-87 57 66
-91 52 74
-84 49 74
-80 52 71
-77 60 71
8 9 10 13
73 -90 85
82 -99 90
78 -101 80
75 -104 71
65 -94 67
61 -87 69
59 -80 61
64 -74 55
7 8 9 13
-3 14 -65
3 6 -66
4 15 -68
0 22 -64
8 31 -64
15 26 -64
17 17 -60
8 9 10 12
-12 -10 79
-19 -14 72
-17 -24 77
-13 -34 76
-6 -26 72
-8 -30 73
2 -37 65
1 -35 56
6 1 5 9
84 -22 52
81 -27 53
88 -20 48
83 -12 53
90 -17 61
83 -27 54
5 2 2 10
51 -28 86
46 -33 94
55 -23 95
55 -21 100
49 -16 109
6 6 9 12
-21 -79 -37
-22 -76 -41
-23 -83 -49
-22 -76 -51
-21 -83 -60
-29 -77 -70
10 3 3 14
-39 -85 -62
-33 -79 -64
-41 -87 -66
-40 -80 -74
-41 -86 -75
-35 -93 -73
-42 -86 -79
-41 -87 -88
-44 -84 -96
-41 -92 -103
5 4 5 11
-6 35 28
-4 39 31
-9 49 21
-18 47 17
-21 55 9
215 6 14 29
-85 0 -25
-141 15 19
-224 5 75
-314 -83 128
-347 -167 58
-403 -226 3
-494 -321 -76
-557 -344 14
-482 -370 -53
-470 -467 34
-516 -485 -66
-459 -549 -150
-453 -530 -146
-397 -559 -150
-337 -645 -189
-279 -640 -97
-222 -629 -27
-215 -694 -119
-246 -624 -141
-322 -632 -68
-255 -690 -167
-210 -649 -238
-217 -579 -194
-261 -644 -263
-266 -670 -259
-248 -706 -306
-252 -738 -345
-302 -688 -411
-393 -784 -468
-431 -710 -465
-407 -720 -412
-431 -755 -432
-403 -831 -420
-377 -750 -411
-340 -732 -383
-259 -744 -400
-297 -732 -417
-199 -738 -455
-123 -744 -394
-50 -713 -390
-28 -765 -398
-108 -725 -404
-36 -649 -406
33 -718 -429
19 -774 -375
-17 -798 -302
-112 -880 -276
-156 -896 -236
-89 -928 -224
-66 -981 -205
-70 -1045 -184
-101 -1107 -283
-5 -1194 -220
-36 -1294 -293
41 -1321 -218
9 -1240 -222
26 -1264 -317
47 -1344 -323
147 -1361 -256
50 -1440 -268
-9 -1348 -168
-103 -1354 -202
-196 -1402 -151
-125 -1407 -93
-85 -1319 -48
-60 -1394 -89
20 -1294 -145
104 -1327 -180
55 -1327 -276
71 -1360 -285
47 -1379 -343
-16 -1436 -406
41 -1501 -426
99 -1492 -395
155 -1431 -351
172 -1389 -438
114 -1344 -372
19 -1301 -356
7 -1292 -357
-32 -1348 -457
68 -1387 -402
90 -1456 -472
97 -1373 -570
151 -1424 -511
67 -1472 -496
50 -1552 -493
16 -1569 -395
-67 -1592 -371
-108 -1576 -350
-77 -1592 -404
-95 -1575 -475
-186 -1627 -406
-192 -1669 -458
-123 -1641 -557
-77 -1613 -523
-93 -1671 -564
-66 -1612 -508
-50 -1513 -485
-25 -1557 -449
-45 -1528 -444
-28 -1586 -432
-124 -1618 -340
-39 -1615 -433
-36 -1547 -362
-50 -1569 -316
-42 -1633 -289
-17 -1699 -265
-84 -1657 -297
-159 -1707 -309
-177 -1646 -279
-277 -1579 -256
-248 -1650 -195
-332 -1567 -243
-367 -1656 -197
-376 -1747 -235
-397 -1662 -246
-447 -1628 -203
-435 -1567 -145
-484 -1555 -237
-466 -1631 -238
-417 -1621 -141
-511 -1623 -238
-545 -1715 -307
-619 -1746 -299
-622 -1846 -397
-699 -1773 -439
-605 -1680 -472
-582 -1756 -555
-629 -1712 -527
-685 -1803 -490
-698 -1832 -533
-603 -1758 -439
-548 -1850 -425
-576 -1789 -490
-672 -1867 -443
-737 -1805 -468
-814 -1830 -544
-872 -1826 -496
-940 -1745 -480
-887 -1725 -548
-788 -1774 -567
-803 -1766 -579
-706 -1853 -512
-746 -1829 -588
-806 -1749 -602
-834 -1823 -679
-892 -1840 -607
-862 -1805 -601
-951 -1900 -639
-957 -1999 -614
-940 -1926 -529
-933 -1962 -472
-970 -1891 -440
-873 -1816 -514
-911 -1914 -455
-1007 -1832 -377
-1038 -1761 -349
-1024 -1734 -301
-973 -1824 -222
-1023 -1865 -141
-1010 -1778 -98
-932 -1851 -55
-913 -1751 17
-834 -1843 88
-858 -1783 74
-902 -1760 101
-911 -1811 173
-893 -1732 154
-796 -1742 99
-801 -1819 64
-837 -1783 97
-815 -1689 94
-797 -1670 141
-803 -1730 62
-793 -1645 -10
-829 -1709 15
-802 -1633 13
-852 -1636 69
-825 -1624 107
-805 -1650 21
-707 -1632 66
-711 -1533 49
-746 -1454 36
-726 -1428 70
-779 -1506 33
-807 -1473 122
-778 -1508 71
-794 -1572 100
-742 -1617 108
-791 -1556 74
-822 -1645 141
-742 -1734 203
-648 -1706 182
-686 -1797 91
-733 -1848 183
-725 -1797 182
-665 -1707 166
-635 -1692 140
-569 -1671 67
-572 -1630 166
-497 -1684 84
-420 -1765 179
-332 -1695 97
-353 -1772 101
-410 -1761 11
-348 -1679 -50
-321 -1622 -116
-372 -1717 -126
-346 -1619 -197
-428 -1688 -273
-343 -1651 -192
-299 -1610 -223
-235 -1661 -271
-222 -1641 -244
-218 -1565 -285
491 10 19 21
49 -25 -65
119 -47 -42
141 -22 -24
183 3 70
254 -95 42
307 -191 -44
350 -218 -123
376 -142 -55
346 -234 -6
306 -149 -77
253 -169 -21
345 -161 -75
253 -165 -153
311 -152 -68
228 -203 -97
197 -244 -44
98 -279 12
170 -280 65
207 -250 23
272 -200 101
293 -181 118
383 -161 35
483 -159 111
430 -136 129
447 -163 29
415 -133 118
412 -226 45
312 -252 69
312 -327 151
337 -412 55
437 -441 140
376 -454 149
396 -478 70
431 -496 166
373 -541 244
381 -503 275
475 -508 201
383 -563 155
382 -566 84
352 -468 95
334 -371 80
394 -307 45
350 -332 56
415 -317 61
470 -293 9
552 -288 -43
550 -381 31
518 -446 113
463 -516 53
526 -589 42
591 -523 123
666 -565 189
700 -566 226
706 -518 179
684 -612 92
765 -516 14
858 -461 -18
893 -426 81
991 -451 -2
993 -469 17
975 -369 91
1074 -399 186
1123 -434 112
1072 -400 39
1104 -341 -57
1156 -307 -14
1068 -283 38
1162 -219 79
1262 -257 3
1175 -209 -31
1219 -184 -93
1211 -165 -174
1297 -257 -207
1333 -291 -269
1326 -245 -339
1303 -190 -324
1361 -284 -353
1324 -290 -449
1319 -221 -379
1245 -145 -449
1208 -189 -477
1238 -259 -411
1271 -341 -437
1221 -366 -462
1145 -384 -439
1054 -480 -471
997 -384 -487
1042 -368 -574
1098 -311 -494
1126 -353 -496
1150 -281 -527
1075 -295 -552
1056 -317 -572
1044 -291 -544
1040 -316 -510
1063 -221 -425
1071 -307 -337
991 -379 -267
964 -439 -171
1012 -528 -271
1098 -565 -186
1134 -474 -243
1118 -484 -238
1066 -456 -277
1004 -541 -254
969 -598 -222
905 -539 -243
910 -468 -262
939 -539 -307
989 -579 -313
1028 -665 -370
1041 -583 -373
1041 -516 -457
981 -535 -463
946 -532 -432
979 -580 -448
888 -539 -441
972 -566 -384
901 -503 -350
922 -539 -257
958 -604 -230
1007 -600 -199
1103 -570 -225
1187 -636 -259
1155 -695 -182
1244 -792 -207
1274 -815 -148
1336 -841 -115
1312 -921 -44
1309 -935 -18
1345 -985 13
1429 -1034 3
1415 -993 75
1460 -960 62
1402 -919 55
1432 -833 -40
1338 -754 -62
1315 -799 -93
1247 -840 -82
1229 -893 -91
1267 -802 -23
1248 -840 -20
1325 -762 -45
1382 -740 17
1410 -730 -45
1365 -802 44
1421 -810 28
1486 -785 101
1519 -745 199
1558 -825 128
1593 -725 65
1652 -663 -12
1671 -608 -91
1731 -613 -191
1741 -638 -251
1782 -652 -217
1768 -693 -126
1800 -701 -123
1717 -790 -171
1649 -752 -87
1593 -697 -107
1633 -687 -7
1578 -702 27
1588 -671 -9
1615 -593 60
1602 -598 73
1510 -634 44
1526 -619 119
1469 -705 75
1392 -742 74
1310 -658 30
1396 -724 -41
1449 -812 -24
1457 -780 46
1400 -829 12
1414 -813 -34
1345 -770 -15
1313 -828 84
1384 -742 175
1462 -776 238
1379 -849 207
1373 -802 242
1312 -863 173
1268 -766 252
1240 -796 214
1233 -743 225
1232 -668 221
1214 -719 225
1140 -672 155
1070 -688 250
1139 -628 185
1190 -723 237
1092 -636 276
1030 -725 293
1090 -736 243
1136 -791 217
1131 -846 256
1142 -887 328
1231 -928 387
1166 -873 438
1121 -842 415
1168 -861 338
1079 -816 268
1050 -834 213
1112 -826 119
1098 -759 58
1127 -724 56
1222 -764 78
1165 -796 6
1254 -710 -18
1195 -684 36
1105 -684 -30
1116 -624 66
1153 -584 -18
1222 -651 16
1218 -570 -20
1303 -626 -55
1208 -528 -127
1256 -617 -58
1210 -571 -156
1264 -619 -113
1319 -578 -120
1225 -500 -42
1150 -597 -63
1097 -685 -120
1141 -734 -76
1089 -718 -81
1030 -693 -131
996 -769 -228
1021 -703 -286
959 -642 -385
887 -658 -429
862 -575 -374
789 -567 -324
822 -574 -336
882 -615 -362
822 -623 -347
779 -698 -248
821 -635 -302
747 -665 -285
839 -708 -295
811 -630 -256
893 -682 -298
956 -677 -231
1026 -604 -265
1044 -578 -252
1009 -510 -243
955 -563 -157
1000 -629 -75
1006 -710 -129
1073 -658 -100
1007 -722 -158
965 -746 -215
955 -662 -215
859 -635 -275
880 -539 -231
953 -582 -204
921 -527 -150
909 -466 -242
933 -436 -316
877 -535 -290
914 -477 -255
815 -568 -283
781 -594 -291
720 -545 -192
758 -615 -222
754 -543 -132
744 -489 -138
780 -476 -203
757 -386 -118
825 -340 -99
853 -439 -48
860 -430 -92
954 -416 -95
963 -331 -61
909 -235 -81
862 -221 2
914 -233 -5
994 -329 35
919 -363 79
910 -458 160
978 -444 74
1016 -544 84
928 -478 -13
962 -508 21
984 -425 37
1026 -490 56
1045 -586 64
1113 -616 58
1116 -653 30
1088 -712 54
1184 -683 43
1122 -643 74
1129 -609 53
1059 -594 32
982 -621 107
987 -688 121
1024 -611 75
1004 -538 110
1058 -448 65
1045 -439 75
1074 -510 110
1096 -427 59
1126 -395 -28
1077 -444 25
1158 -479 67
1134 -398 79
1187 -384 137
1287 -425 102
1311 -387 161
1272 -416 149
1173 -336 159
1251 -320 232
1186 -375 149
1089 -400 172
1188 -489 248
1133 -582 321
1106 -571 258
1172 -581 314
1173 -619 267
1109 -568 337
1139 -502 290
1158 -508 265
1162 -477 223
1174 -486 154
1153 -448 252
1053 -478 187
1015 -441 183
1051 -431 114
1138 -357 187
1153 -315 112
1137 -301 68
1071 -347 50
974 -265 39
1055 -219 -34
1074 -275 -57
1043 -177 -79
1044 -197 -37
1048 -165 -75
1130 -245 18
1093 -322 -4
1092 -268 77
1091 -329 46
1084 -316 1
1167 -298 6
1107 -245 47
1156 -317 34
1057 -264 75
1111 -315 112
1134 -252 96
1187 -303 43
1214 -309 75
1151 -273 117
1125 -227 34
1066 -194 42
971 -209 -52
986 -213 -63
996 -272 26
946 -200 -68
937 -114 -77
911 -176 -2
941 -216 -47
871 -154 -63
786 -216 6
718 -238 -31
664 -234 -122
670 -277 -39
596 -319 -61
624 -263 -104
587 -356 -194
626 -375 -258
563 -358 -238
514 -336 -305
592 -395 -267
568 -433 -335
543 -436 -251
544 -506 -189
629 -590 -168
581 -494 -233
602 -589 -297
548 -675 -353
572 -768 -331
488 -753 -343
487 -768 -409
555 -708 -376
531 -644 -440
611 -594 -361
661 -642 -427
570 -622 -335
573 -671 -386
563 -701 -477
553 -653 -520
551 -633 -596
491 -546 -666
559 -469 -599
503 -497 -525
489 -576 -539
485 -553 -635
504 -463 -574
421 -485 -525
465 -473 -605
538 -523 -552
516 -620 -544
498 -546 -634
453 -467 -543
544 -443 -643
494 -390 -702
579 -291 -796
606 -215 -742
639 -293 -804
562 -215 -743
511 -126 -819
435 -90 -907
428 -64 -937
492 -75 -908
521 -162 -959
587 -211 -872
627 -164 -966
648 -182 -1050
620 -254 -964
692 -159 -983
684 -201 -1014
613 -247 -979
594 -334 -1021
653 -265 -1090
726 -239 -1071
668 -183 -1156
752 -88 -1233
852 -147 -1311
913 -116 -1309
877 -114 -1396
788 -46 -1316
744 -70 -1329
740 -143 -1296
812 -152 -1382
861 -75 -1403
945 -144 -1429
929 -76 -1515
922 -95 -1548
923 -36 -1636
855 -21 -1735
908 -2 -1646
962 -92 -1552
906 4 -1520
992 101 -1443
1059 166 -1351
1125 221 -1395
1134 228 -1452
1205 253 -1407
1244 345 -1394
1216 352 -1435
1173 443 -1336
1228 527 -1399
1141 624 -1485
1125 607 -1418
1128 547 -1328
1226 526 -1360
1241 567 -1341
1240 510 -1327
1275 427 -1294
1374 424 -1202
1279 427 -1199
1346 369 -1108
1352 456 -1163
1383 521 -1255
1343 439 -1264
1367 418 -1217
1438 327 -1185
1536 229 -1193
1622 192 -1179
1570 206 -1181
1477 225 -1239
1458 233 -1161
1395 215 -1066
1438 197 -1013
1425 215 -1014
1442 267 -1025
1390 284 -977
1469 217 -879
1375 119 -921
1402 120 -959
1388 28 -1033
1434 20 -1119
1340 60 -1053
1358 44 -1002
1457 53 -975
1399 47 -1049
1481 100 -1136
1521 161 -1147
1449 118 -1209
1495 195 -1266
414 11 22 28
33 66 -78
-10 -13 -4
90 -87 70
183 -18 4
225 -17 102
304 -46 122
275 -94 25
353 -23 -66
359 -44 -122
352 -16 -65
299 -27 14
376 17 6
422 -31 68
397 -82 125
493 -110 78
503 -126 -13
404 -223 -53
307 -299 7
319 -202 63
320 -302 25
350 -229 10
420 -169 -43
406 -110 8
412 -78 -9
460 -170 -14
508 -82 46
463 5 88
447 -63 56
436 -4 96
393 -21 73
473 50 172
408 87 236
398 150 181
313 134 93
292 152 150
250 200 194
307 270 105
225 290 37
168 257 53
88 290 75
152 191 4
98 94 -88
157 138 -115
223 73 -198
145 84 -262
131 84 -322
80 35 -356
65 74 -353
9 138 -311
-82 56 -218
-79 101 -308
-150 21 -360
-214 118 -409
-135 121 -484
-89 179 -513
-56 195 -605
-146 148 -584
-191 161 -580
-250 124 -646
-253 77 -602
-209 52 -679
-298 40 -694
-231 -26 -783
-251 37 -881
-249 -22 -976
-238 -42 -1033
-333 -24 -1044
-271 33 -982
-198 23 -1052
-200 -26 -959
-276 -68 -990
-237 -76 -932
-142 -117 -987
-184 -178 -969
-277 -146 -1056
-234 -121 -1055
-297 -38 -1020
-368 1 -943
-418 -16 -987
-438 75 -1031
-475 162 -1067
-425 82 -1017
-458 128 -937
-398 52 -929
-313 83 -916
-358 135 -991
-378 144 -1000
-406 111 -1055
-489 168 -1093
-457 109 -1091
-411 163 -1168
-504 242 -1080
-421 194 -1025
-471 234 -1024
-534 291 -1079
-477 246 -1067
-503 343 -998
-595 335 -1040
-572 345 -1009
-475 363 -1027
-465 302 -1009
-407 327 -979
-416 297 -935
-418 342 -894
-322 260 -851
-281 208 -853
-349 234 -906
-366 216 -929
-319 136 -1021
-253 52 -955
-310 -11 -1013
-378 -2 -982
-364 -86 -974
-379 5 -985
-421 96 -939
-427 163 -923
-467 260 -1006
-521 244 -1086
-553 298 -1121
-542 358 -1100
-466 420 -1170
-433 428 -1139
-519 398 -1223
-447 374 -1146
-487 313 -1160
-506 381 -1164
-557 287 -1175
-530 322 -1140
-456 397 -1048
-481 351 -1113
-505 251 -1187
-409 240 -1285
-488 318 -1244
-534 281 -1342
-470 350 -1327
-513 369 -1385
-570 447 -1417
-544 431 -1505
-622 363 -1445
-655 268 -1368
-660 233 -1297
-716 183 -1357
-704 168 -1258
-765 139 -1189
-827 77 -1189
-728 7 -1165
-641 -47 -1211
-694 1 -1235
-675 -38 -1234
-687 -92 -1323
-635 -183 -1256
-652 -237 -1341
-554 -216 -1423
-505 -229 -1371
-510 -312 -1420
-544 -252 -1338
-469 -268 -1270
-499 -219 -1265
-507 -306 -1338
-568 -241 -1279
-528 -323 -1218
-608 -298 -1198
-604 -358 -1101
-639 -379 -1012
-646 -396 -1007
-694 -322 -992
-620 -416 -933
-573 -456 -1032
-563 -427 -1002
-594 -441 -947
-506 -342 -1032
-489 -421 -1063
-443 -324 -1087
-416 -344 -1066
-423 -298 -968
-495 -251 -973
-576 -257 -878
-592 -338 -956
-650 -341 -950
-712 -334 -1047
-624 -302 -1069
-541 -359 -994
-450 -416 -1066
-515 -431 -1081
-475 -520 -1168
-378 -506 -1209
-305 -514 -1133
-223 -458 -1192
-180 -397 -1277
-200 -418 -1264
-220 -489 -1238
-124 -565 -1324
-51 -655 -1229
-17 -575 -1152
-23 -616 -1147
72 -635 -1183
14 -641 -1177
2 -595 -1177
31 -671 -1224
72 -622 -1212
164 -701 -1249
142 -666 -1248
139 -687 -1291
173 -753 -1217
173 -660 -1128
167 -745 -1072
152 -796 -1041
129 -877 -976
38 -858 -974
-24 -811 -1069
-9 -870 -1078
21 -917 -1166
-37 -876 -1177
-76 -785 -1189
-7 -781 -1265
-77 -862 -1176
-100 -817 -1135
-79 -760 -1223
-137 -762 -1154
-101 -858 -1077
-123 -864 -1092
-161 -821 -1093
-119 -881 -1121
-158 -802 -1143
-123 -764 -1181
-153 -847 -1258
-64 -886 -1243
31 -899 -1285
108 -873 -1200
16 -964 -1245
6 -1029 -1146
28 -1010 -1123
-60 -1094 -1039
-22 -1034 -969
-98 -1075 -938
-182 -1076 -957
-153 -1094 -1031
-170 -1090 -1121
-248 -1114 -1101
-173 -1056 -1153
-209 -1037 -1102
-275 -1017 -1176
-317 -1091 -1095
-311 -1007 -1022
-270 -1022 -1077
-230 -991 -1108
-257 -927 -1134
-189 -1024 -1059
-167 -1083 -1027
-216 -1120 -1107
-251 -1203 -1143
-163 -1284 -1186
-255 -1202 -1122
-173 -1122 -1096
-152 -1112 -1027
-234 -1051 -1102
-273 -1137 -1013
-206 -1045 -1070
-264 -1118 -980
-242 -1104 -931
-183 -1155 -861
-175 -1209 -935
-176 -1142 -931
-76 -1198 -957
-73 -1108 -952
-42 -1154 -993
-123 -1184 -972
-208 -1199 -949
-124 -1278 -888
-53 -1200 -814
-61 -1192 -895
-31 -1252 -919
-80 -1225 -833
-46 -1292 -908
32 -1286 -968
-21 -1372 -889
-5 -1359 -889
86 -1428 -918
84 -1360 -931
116 -1366 -867
67 -1384 -943
53 -1376 -920
97 -1285 -827
119 -1338 -865
24 -1373 -804
-69 -1453 -774
-161 -1412 -757
-198 -1318 -707
-212 -1335 -741
-138 -1356 -817
-132 -1354 -909
-143 -1271 -961
-94 -1203 -1046
-160 -1128 -1144
-109 -1169 -1232
-31 -1104 -1211
-123 -1173 -1286
-53 -1128 -1320
-57 -1078 -1318
-48 -1163 -1381
20 -1123 -1481
78 -1134 -1563
51 -1154 -1465
-14 -1082 -1458
-42 -1153 -1384
-139 -1125 -1300
-107 -1044 -1392
-46 -1045 -1433
-119 -1084 -1505
-176 -1130 -1549
-169 -1041 -1476
-166 -979 -1519
-213 -1076 -1601
-306 -1040 -1637
-382 -1125 -1650
-456 -1215 -1574
-464 -1143 -1656
-444 -1182 -1703
-430 -1258 -1771
-368 -1346 -1811
-330 -1407 -1712
-429 -1318 -1657
-427 -1358 -1747
-422 -1415 -1678
-420 -1417 -1606
-403 -1364 -1608
-405 -1385 -1570
-336 -1300 -1559
-321 -1308 -1608
-340 -1307 -1660
-271 -1374 -1586
-262 -1424 -1603
-195 -1496 -1610
-265 -1519 -1620
-193 -1555 -1556
-182 -1521 -1581
-94 -1592 -1673
-48 -1589 -1663
-46 -1645 -1717
-9 -1589 -1785
-76 -1681 -1799
-114 -1622 -1768
-129 -1635 -1698
-89 -1713 -1729
-144 -1626 -1753
-121 -1649 -1671
-88 -1743 -1652
-23 -1669 -1687
-78 -1588 -1625
-121 -1606 -1563
-114 -1623 -1513
-25 -1667 -1465
-118 -1691 -1449
-72 -1665 -1516
-121 -1734 -1487
-128 -1778 -1476
-141 -1726 -1376
-178 -1687 -1446
-234 -1742 -1381
-137 -1665 -1437
-50 -1577 -1344
-60 -1631 -1375
-89 -1546 -1471
-167 -1609 -1488
-76 -1667 -1584
19 -1658 -1621
-6 -1699 -1592
-91 -1696 -1669
-52 -1658 -1674
-26 -1735 -1702
-33 -1817 -1696
-42 -1850 -1614
-50 -1937 -1689
18 -1958 -1601
76 -1981 -1692
-6 -2014 -1643
26 -2085 -1616
58 -2158 -1516
48 -2095 -1604
138 -2033 -1610
190 -1959 -1597
270 -2002 -1575
369 -2046 -1516
355 -2018 -1527
403 -1999 -1496
341 -2087 -1509
346 -2014 -1429
404 -2085 -1435
426 -2095 -1458
466 -2059 -1381
549 -2059 -1284
592 -2009 -1213
637 -1941 -1142
673 -1845 -1079
727 -1884 -1033
672 -1885 -1024
578 -1790 -970
547 -1747 -967
637 -1737 -1056
669 -1640 -1014
638 -1731 -991
730 -1739 -1025
694 -1639 -966
602 -1675 -926
609 -1727 -873
657 -1810 -844
564 -1876 -888
504 -1840 -845
450 -1876 -945
538 -1821 -1021
596 -1815 -978
680 -1799 -974
779 -1724 -973
738 -1694 -902
133 2 4 30
-37 -86 47
-126 -98 130
-107 -149 47
-31 -143 46
-126 -216 14
-162 -129 -29
-235 -110 -53
-231 -192 16
-141 -239 18
-163 -278 -61
-198 -254 -103
-172 -222 -178
-231 -315 -184
-181 -397 -199
-169 -303 -120
-147 -391 -26
-76 -418 -92
17 -501 -124
-2 -503 -126
97 -596 -161
103 -516 -64
14 -477 -124
61 -474 -193
161 -492 -209
223 -568 -234
304 -521 -233
220 -605 -175
317 -607 -119
408 -625 -179
470 -704 -140
451 -697 -163
548 -638 -206
603 -632 -231
654 -728 -175
735 -819 -93
768 -843 5
705 -775 -89
615 -835 0
628 -847 44
560 -777 3
624 -740 49
701 -683 -15
744 -674 -19
656 -590 6
709 -501 81
648 -483 146
668 -581 132
621 -528 82
589 -556 -8
679 -546 -38
709 -582 37
806 -573 82
816 -645 54
914 -713 -35
967 -730 21
891 -732 3
984 -802 -13
1028 -846 -99
986 -919 -102
915 -887 -32
938 -974 -26
929 -1004 -10
970 -1010 -39
1018 -1035 59
1039 -984 -9
986 -1028 88
988 -1027 178
1028 -1079 123
1103 -1088 219
1079 -1179 232
1072 -1254 275
997 -1320 299
959 -1418 296
866 -1417 308
839 -1349 383
933 -1303 435
867 -1240 397
950 -1213 304
868 -1242 386
790 -1254 337
810 -1218 318
877 -1151 265
859 -1145 318
787 -1113 338
708 -1185 339
731 -1270 419
710 -1185 467
663 -1199 538
676 -1116 510
706 -1190 478
700 -1235 564
630 -1181 640
709 -1143 722
797 -1048 737
831 -1048 805
761 -957 855
789 -1039 899
743 -968 830
826 -874 744
813 -908 800
750 -950 722
811 -931 782
826 -1028 720
806 -993 728
882 -1080 647
863 -1004 726
900 -904 675
876 -851 608
954 -881 564
1054 -848 569
988 -787 513
1068 -786 555
1093 -818 588
1078 -834 598
992 -906 588
1086 -820 681
1026 -900 769
1125 -989 850
1119 -1056 858
1146 -1018 840
1181 -1092 912
1244 -1015 818
1268 -1024 843
1290 -1057 925
1237 -1053 1019
1241 -1143 1084
1240 -1056 1140
1328 -1050 1206
1367 -1074 1176
1440 -1136 1195
1373 -1236 1176
1427 -1216 1193
1460 -1174 1213
274 9 21 27
-50 90 -53
-67 75 -113
-90 164 -75
-20 179 17
-65 214 -46
13 294 4
2 311 -17
88 290 -94
109 282 -130
116 315 -116
22 378 -203
-3 363 -282
31 314 -320
111 278 -278
209 237 -315
134 303 -318
51 356 -374
74 415 -310
-10 515 -241
88 421 -203
118 359 -236
71 307 -171
82 303 -93
4 206 -119
48 132 -55
68 191 -14
147 190 -110
124 137 -118
166 56 -179
100 143 -132
30 218 -118
119 200 -127
28 234 -139
10 158 -88
79 153 -115
178 162 -181
216 213 -82
148 286 -92
165 324 -60
157 345 -68
92 367 -5
124 411 -44
86 354 23
49 338 104
118 330 94
62 305 194
-17 215 257
12 123 294
-10 142 275
-46 71 246
-5 -7 229
49 -58 274
149 14 320
189 -63 320
96 -162 395
48 -167 447
98 -162 368
191 -97 364
265 -31 382
238 45 312
295 125 305
390 154 215
392 179 303
367 93 281
456 28 190
356 126 283
367 130 187
294 165 114
320 205 139
347 190 237
426 158 234
508 168 276
475 128 294
416 150 266
463 136 287
397 166 245
458 212 168
379 141 261
402 48 250
417 -14 221
378 -23 150
342 76 197
249 37 189
222 44 181
223 101 150
310 107 240
389 181 309
398 249 373
489 274 359
483 219 414
421 185 452
484 135 391
424 128 323
425 66 243
502 97 277
501 170 233
405 137 176
313 101 115
361 173 127
407 216 158
363 246 159
263 319 147
202 358 172
208 369 87
208 456 145
152 536 232
174 614 157
210 618 186
302 657 131
207 664 125
273 582 130
289 627 57
284 541 43
310 598 78
381 551 73
327 468 152
373 474 64
276 419 -15
340 504 48
346 463 -40
292 437 -1
358 355 -20
381 266 -100
309 189 -108
380 145 -137
430 47 -160
402 131 -110
330 52 -48
284 117 -61
362 107 24
400 69 113
380 33 166
323 60 134
358 159 34
298 61 92
364 12 187
353 69 254
261 9 167
308 73 91
212 109 183
266 128 220
264 91 229
196 188 210
278 153 204
228 106 262
281 203 237
234 212 324
165 271 278
177 309 224
232 266 126
180 218 27
91 133 -66
6 106 -164
13 119 -194
10 214 -139
-24 267 -82
-67 219 -17
-38 188 -25
-67 232 -86
-86 136 0
-77 188 42
-174 170 54
-138 168 8
-215 118 82
-278 98 131
-216 25 39
-263 -13 7
-234 -3 44
-184 83 -13
-208 111 -96
-275 20 -183
-361 -27 -139
-378 -111 -63
-348 -168 -143
-429 -105 -187
-487 -46 -150
-545 -14 -146
-512 -6 -56
-608 48 -55
-708 114 -116
-755 68 -36
-744 117 29
-712 29 9
-682 120 -35
-671 177 -44
-638 128 -29
-705 37 44
-747 22 136
-750 40 159
-744 67 103
-752 55 200
-762 -7 227
-801 25 255
-869 -65 255
-919 1 202
-1011 80 106
-963 171 24
-898 91 33
-948 183 59
-934 183 -5
-1012 111 -54
-1017 106 -71
-956 171 17
-947 162 108
-1036 211 129
-1100 200 220
-1052 125 180
-1038 209 106
-1116 167 103
-1155 117 28
-1138 37 85
-1121 -34 94
-1081 47 68
-1036 139 100
-1056 224 95
-1065 293 17
-1080 228 39
-1125 215 101
-1210 276 26
-1220 370 55
-1237 389 57
-1310 441 61
-1224 460 -34
-1226 448 18
-1323 370 85
-1315 441 128
-1352 424 30
-1394 436 20
-1435 414 80
-1530 493 152
-1497 533 220
-1453 450 139
-1382 373 50
-1282 360 76
-1330 320 75
-1251 399 118
-1343 334 29
-1255 278 -43
-1290 354 5
-1261 407 -22
-1343 314 -121
-1285 243 -106
-1258 186 -46
-1314 269 -72
-1229 171 -55
-1236 76 37
-1334 105 127
-1319 25 199
-1225 84 224
-1256 42 232
-1267 -35 184
-1193 -74 146
-1285 -60 153
-1345 19 140
-1246 49 108
-1271 -18 26
-1202 -12 120
-1149 62 54
-1129 142 114
-1134 144 201
-1117 159 276
-1140 117 207
-1229 124 120
-1289 149 116
-1263 185 106
-1336 144 142
-1256 244 159
-1249 164 141
-1299 254 171
-1243 315 194
-1335 340 146
-1429 360 50
-1479 434 -33
-1387 455 61
299 11 23 26
-79 97 -96
-92 186 -60
-168 158 -51
-195 240 -35
-232 215 -10
-317 124 -51
-389 216 -65
-431 278 -88
-379 378 -136
-357 375 -202
-445 405 -139
-431 413 -121
-396 483 -127
-464 405 -59
-526 352 -29
-571 306 -44
-542 243 -131
-622 324 -198
-636 235 -119
-593 253 -22
-504 337 -33
-444 431 -106
-452 397 -144
-521 335 -51
-541 350 6
-609 347 -39
-600 443 18
-623 468 -65
-644 490 -59
-598 565 -121
-652 490 -201
-667 396 -224
-679 402 -175
-605 476 -80
-517 410 -8
-508 336 54
-506 337 65
-417 284 -14
-376 354 -1
-425 300 93
-474 228 13
-420 245 -55
-453 287 -8
-434 199 -97
-409 208 -117
-388 150 -138
-388 56 -206
-363 83 -192
-409 115 -125
-405 107 -70
-356 153 -106
-281 248 -76
-249 271 -153
-249 346 -88
-175 251 -45
-140 339 -66
-128 303 -28
-41 343 60
-115 426 19
-66 372 -79
21 333 -39
55 264 -44
141 184 35
158 115 -15
181 65 4
135 9 86
108 38 43
153 111 22
60 42 -4
72 44 -84
108 -18 -120
69 -77 -98
154 -157 -101
110 -121 -164
127 -67 -176
135 -134 -264
160 -200 -180
224 -266 -162
151 -296 -262
172 -315 -344
269 -402 -295
336 -333 -294
308 -367 -325
345 -378 -354
440 -417 -320
456 -450 -377
523 -479 -409
443 -460 -335
434 -515 -290
513 -503 -284
483 -458 -193
537 -393 -221
632 -353 -258
670 -396 -299
679 -303 -262
722 -204 -208
744 -182 -117
661 -225 -78
745 -295 -133
699 -300 -141
650 -373 -64
685 -304 29
716 -396 110
783 -423 122
753 -375 179
696 -467 131
751 -536 135
677 -630 209
763 -642 141
816 -681 167
888 -662 213
855 -745 189
770 -767 254
836 -858 295
880 -903 204
806 -958 129
714 -885 68
789 -947 -16
724 -910 55
788 -941 60
756 -877 119
658 -908 43
662 -925 4
653 -854 -59
611 -810 -83
531 -859 -141
601 -848 -161
514 -920 -151
469 -928 -129
466 -831 -41
552 -838 -72
575 -751 -84
521 -849 14
504 -887 -3
415 -883 -85
405 -851 -13
451 -946 1
404 -877 26
347 -821 10
348 -867 -27
338 -892 -126
435 -888 -62
469 -891 -100
484 -953 -162
463 -1038 -179
478 -961 -147
395 -1000 -225
434 -977 -303
461 -933 -247
367 -998 -222
437 -1016 -216
436 -1062 -156
358 -1089 -197
386 -1008 -152
303 -1106 -245
328 -1110 -309
382 -1078 -295
320 -1065 -197
382 -968 -151
337 -1045 -216
308 -1129 -212
364 -1137 -277
442 -1119 -181
531 -1117 -98
580 -1086 -60
656 -1076 -83
627 -1166 -23
631 -1073 -24
588 -1122 9
525 -1187 58
432 -1204 -31
348 -1149 -24
375 -1073 -6
290 -1092 -103
249 -1132 -193
203 -1208 -288
214 -1190 -253
300 -1198 -199
203 -1213 -114
161 -1172 -76
194 -1164 -20
225 -1193 39
138 -1129 5
82 -1175 -47
88 -1135 -106
0 -1179 -176
-9 -1246 -134
-60 -1264 -52
-143 -1198 -126
-209 -1248 -99
-300 -1287 -128
-200 -1207 -150
-264 -1121 -140
-200 -1196 -178
-115 -1263 -236
-62 -1357 -205
-9 -1311 -164
-12 -1373 -152
10 -1408 -62
97 -1402 26
99 -1489 39
86 -1544 -59
41 -1611 -26
14 -1601 16
-43 -1634 23
-96 -1603 108
-33 -1687 152
-61 -1756 215
-85 -1813 302
8 -1733 289
51 -1741 298
-16 -1693 200
-56 -1666 144
37 -1610 207
43 -1612 120
-34 -1568 80
15 -1643 24
5 -1552 56
-11 -1479 4
85 -1449 -83
120 -1525 -91
99 -1467 -123
61 -1370 -71
-5 -1314 -45
-79 -1376 47
-103 -1384 -39
-173 -1481 -76
-207 -1507 -90
-211 -1462 -61
-301 -1463 -144
-241 -1500 -92
-302 -1402 -80
-217 -1360 -149
-214 -1426 -167
-149 -1485 -83
-116 -1431 -48
-117 -1421 -141
-171 -1519 -213
-95 -1451 -243
-4 -1398 -238
-86 -1348 -138
-97 -1438 -221
-59 -1347 -251
17 -1248 -218
20 -1293 -223
-59 -1387 -308
-104 -1394 -306
-19 -1301 -241
43 -1207 -182
60 -1284 -109
-3 -1223 -14
4 -1187 63
81 -1137 156
64 -1128 92
95 -1197 142
70 -1243 146
22 -1150 229
36 -1205 313
93 -1115 343
184 -1136 347
260 -1116 253
336 -1062 177
415 -1104 111
386 -1147 178
419 -1060 96
411 -1142 149
475 -1123 90
401 -1172 155
358 -1254 209
424 -1189 160
441 -1284 235
373 -1236 270
460 -1240 263
463 -1307 361
404 -1254 447
471 -1155 421
417 -1254 387
361 -1235 314
422 -1222 364
401 -1270 271
467 -1176 303
552 -1095 324
576 -1147 282
485 -1145 207
437 -1052 261
395 -1057 261
420 -1021 338
370 -1069 378
404 -1043 474
494 -1099 520
466 -1090 480
419 -1085 556
409 -1118 557
444 -1144 622
348 -1056 605
345 -1036 568
349 -1084 638
338 -1162 617
276 -1189 575
440 12 22 28
3 -53 60
-70 -134 -24
-169 -184 37
-230 -194 -3
-181 -272 44
-135 -325 103
-136 -375 45
-122 -378 98
-147 -278 56
-129 -326 38
-212 -421 -46
-188 -514 -134
-261 -572 -162
-291 -555 -241
-292 -469 -289
-243 -424 -383
-334 -494 -376
-264 -456 -468
-200 -526 -455
-166 -538 -450
-227 -557 -403
-318 -597 -444
-255 -622 -492
-235 -553 -491
-245 -463 -578
-338 -388 -534
-417 -395 -461
-393 -495 -372
-365 -531 -305
-324 -555 -395
-423 -493 -334
-481 -437 -311
-521 -414 -281
-491 -399 -310
-486 -459 -298
-516 -489 -398
-577 -546 -491
-652 -463 -403
-742 -379 -368
-659 -471 -461
-677 -548 -473
-737 -601 -514
-817 -674 -547
-843 -653 -489
-746 -723 -477
-726 -823 -379
-683 -844 -284
-703 -821 -372
-627 -861 -408
-567 -949 -449
-666 -971 -490
-722 -978 -530
-644 -1007 -470
-694 -1020 -488
-679 -1070 -515
-722 -1111 -449
-757 -1137 -512
-834 -1184 -577
-751 -1241 -524
-715 -1143 -522
-684 -1172 -584
-723 -1134 -622
-683 -1119 -635
-629 -1110 -537
-611 -1037 -618
-700 -1096 -710
-658 -996 -675
-614 -1013 -649
-535 -994 -684
-603 -1065 -759
-534 -1144 -808
-570 -1131 -739
-503 -1049 -734
-593 -1103 -785
-628 -1030 -767
-575 -968 -786
-623 -957 -789
-559 -1032 -791
-641 -984 -724
-570 -994 -703
-531 -1078 -783
-604 -1024 -684
-653 -1058 -774
-631 -1120 -688
-699 -1158 -704
-689 -1070 -753
-734 -1097 -679
-696 -1179 -675
-631 -1130 -592
-702 -1035 -598
-734 -1074 -646
-741 -1088 -568
-715 -1171 -618
-797 -1185 -664
-839 -1133 -745
-914 -1072 -783
-955 -1018 -847
-955 -933 -836
-940 -866 -827
-975 -867 -727
-1043 -960 -688
-971 -934 -759
-1037 -906 -849
-955 -939 -946
-1053 -847 -1034
-1099 -941 -1078
-1122 -989 -1135
-1192 -1038 -1138
-1250 -1075 -1066
-1243 -1008 -1160
-1291 -926 -1180
-1354 -861 -1186
-1366 -899 -1151
-1363 -864 -1205
-1446 -883 -1216
-1377 -870 -1213
-1384 -839 -1279
-1437 -747 -1259
-1452 -661 -1241
-1381 -667 -1236
-1384 -696 -1215
-1421 -765 -1138
-1347 -690 -1209
-1281 -673 -1267
-1206 -753 -1308
-1199 -772 -1400
-1198 -716 -1427
-1280 -651 -1477
-1254 -587 -1543
-1268 -628 -1529
-1214 -622 -1439
-1243 -655 -1389
-1200 -639 -1332
-1285 -710 -1279
-1207 -671 -1238
-1242 -710 -1273
-1331 -653 -1205
-1364 -730 -1275
-1285 -630 -1241
-1376 -710 -1208
-1436 -772 -1306
-1349 -863 -1223
-1370 -771 -1156
-1434 -811 -1153
-1346 -843 -1185
-1361 -817 -1108
-1406 -764 -1061
-1497 -744 -1121
-1488 -686 -1101
-1418 -728 -1085
-1443 -798 -986
-1392 -872 -953
-1301 -799 -863
-1265 -701 -890
-1218 -702 -890
-1245 -677 -803
-1209 -706 -720
-1205 -615 -622
-1208 -631 -529
-1161 -624 -476
-1138 -600 -540
-1040 -532 -568
-1110 -506 -583
-1069 -530 -524
-1145 -549 -546
-1241 -628 -465
-1289 -632 -378
-1381 -688 -426
-1410 -665 -352
-1499 -747 -383
-1410 -740 -310
-1451 -652 -377
-1504 -737 -335
-1437 -785 -246
-1503 -830 -335
-1479 -922 -246
-1545 -973 -322
-1515 -938 -242
-1581 -919 -241
-1573 -925 -301
-1584 -1000 -230
-1629 -1075 -209
-1546 -983 -270
-1552 -987 -345
-1549 -912 -379
-1458 -886 -321
-1388 -951 -360
-1456 -901 -264
-1427 -882 -198
-1521 -965 -216
-1592 -906 -251
-1665 -807 -221
-1705 -852 -283
-1732 -805 -287
-1781 -705 -335
-1878 -638 -306
-1877 -661 -315
-1780 -722 -285
-1846 -726 -385
-1924 -714 -481
-1967 -714 -421
-2047 -683 -403
-2065 -590 -454
-2010 -506 -403
-2099 -554 -353
-2134 -614 -316
-2225 -598 -363
-2272 -589 -266
-2284 -532 -365
-2302 -552 -310
-2213 -546 -392
-2125 -451 -394
-2080 -485 -366
-2130 -425 -421
-2083 -406 -504
-2150 -384 -430
-2147 -446 -363
-2245 -347 -427
-2304 -327 -372
-2316 -380 -426
-2276 -317 -373
-2304 -251 -451
-2274 -246 -365
-2373 -230 -337
-2319 -225 -421
-2254 -137 -373
-2227 -66 -349
-2264 -78 -391
-2318 -101 -374
-2354 -122 -387
-2425 -164 -351
-2391 -145 -299
-2407 -73 -331
-2440 -91 -399
-2484 -143 -350
-2503 -237 -345
-2445 -286 -357
-2361 -205 -436
-2447 -115 -494
-2474 -33 -447
-2555 -34 -407
-2518 -38 -505
-2522 39 -605
-2566 68 -573
-2641 42 -584
-2637 41 -617
-2596 -21 -598
-2651 33 -623
-2561 127 -708
-2463 64 -640
-2485 -20 -681
-2457 70 -632
-2499 120 -704
-2532 189 -626
-2575 182 -670
-2613 82 -693
-2673 102 -746
-2597 114 -666
-2497 118 -621
-2496 65 -625
-2563 114 -598
-2602 155 -640
-2662 232 -613
-2580 138 -695
-2576 124 -789
-2476 145 -825
-2498 71 -886
-2406 50 -983
-2312 -10 -995
-2311 -104 -930
-2298 -13 -883
-2371 0 -838
-2322 -47 -816
-2228 -101 -914
-2285 -47 -995
-2255 52 -959
-2220 89 -988
-2257 150 -924
-2177 104 -926
-2106 18 -1007
-2177 -73 -965
-2206 -149 -997
-2148 -224 -985
-2048 -323 -1018
-2133 -312 -954
-2210 -228 -949
-2188 -282 -968
-2186 -249 -1057
-2189 -189 -983
-2121 -165 -897
-2176 -131 -915
-2269 -101 -840
-2360 -41 -846
-2425 52 -759
-2370 28 -828
-2349 68 -751
-2334 115 -681
-2305 188 -599
-2241 142 -529
-2144 161 -572
-2132 78 -520
-2038 71 -436
-1993 171 -458
-2054 264 -402
-2015 231 -414
-1915 234 -468
-1901 217 -390
-1938 162 -381
-1925 201 -309
-2005 151 -329
-1905 103 -281
-1915 188 -327
-1940 122 -279
-1857 131 -321
-1850 121 -406
-1902 213 -432
-1980 196 -430
-1962 187 -420
-2033 201 -466
-1949 286 -526
-1993 294 -573
-1987 207 -479
-2085 257 -527
-2175 222 -575
-2271 279 -586
-2198 373 -530
-2176 409 -600
-2185 481 -614
-2173 577 -529
-2176 523 -471
-2076 542 -380
-2119 448 -439
-2078 377 -420
-2015 353 -324
-2011 310 -341
-1958 268 -271
-1943 350 -216
-1854 393 -285
-1812 461 -330
-1804 544 -361
-1844 593 -320
-1800 554 -303
-1897 617 -281
-1900 703 -327
-1923 704 -397
-1840 678 -298
-1899 672 -332
-1998 738 -357
-1975 788 -305
-1987 696 -295
-1916 678 -313
-1841 594 -214
-1857 586 -244
-1760 604 -164
-1673 659 -82
-1673 625 0
-1593 661 -28
-1673 670 -93
-1633 623 -81
-1539 656 -152
-1506 584 -125
-1430 557 -196
-1348 525 -278
-1352 576 -277
-1346 478 -280
-1402 561 -224
-1400 634 -167
-1312 709 -161
-1352 620 -237
-1268 646 -262
-1202 628 -257
-1234 653 -256
-1161 693 -236
-1160 714 -269
-1069 628 -237
-1016 531 -144
-977 458 -218
-895 396 -196
-908 412 -291
-896 377 -362
-973 285 -391
-959 377 -361
-987 470 -342
-981 528 -383
-942 483 -338
-1008 482 -298
-1106 536 -372
-1144 463 -333
-1057 537 -356
-967 503 -306
-1003 559 -328
-980 639 -353
-988 554 -320
-931 504 -299
-920 534 -215
-831 594 -119
-927 540 -193
-903 618 -129
-903 587 -160
-913 610 -230
-879 681 -323
-898 649 -352
-831 580 -442
-817 645 -484
-895 546 -506
-930 463 -552
-847 411 -554
-918 397 -555
-965 386 -511
-1031 440 -468
-1022 535 -384
-1073 462 -325
-996 463 -327
-931 501 -254
-1011 480 -226
-1061 545 -165
-1057 516 -145
-1099 483 -183
-1076 471 -194
-1011 498 -108
-1049 437 -52
-1041 505 -91
-1134 439 -176
-1045 434 -186
-1132 437 -162
-1060 488 -164
-1146 420 -211
-1053 349 -234
-1152 351 -229
-1105 308 -133
-1050 403 -228
-1112 317 -174
-1099 244 -184
-1027 307 -211
-983 226 -207
-939 291 -243
-961 316 -317
-925 398 -392
-965 316 -320
-994 370 -375
352 7 17 18
12 -3 -35
94 -40 -43
24 22 -109
118 81 -137
87 92 -163
70 127 -238
44 124 -149
7 55 -183
48 120 -221
-18 72 -146
-44 54 -73
-118 45 -62
-200 79 -124
-283 101 -220
-301 85 -306
-203 128 -244
-146 224 -255
-180 309 -283
-80 384 -265
-83 345 -231
-183 391 -229
-280 350 -283
-339 430 -219
-263 348 -120
-200 389 -108
-185 480 -23
-267 399 -58
-291 431 -19
-381 359 81
-343 453 138
-274 483 237
-302 445 231
-260 447 196
-319 464 191
-224 541 176
-205 588 125
-202 604 32
-292 606 25
-363 674 58
-340 750 32
-412 670 22
-337 635 0
-403 663 -2
-467 690 35
-455 660 -39
-407 633 -132
-409 724 -108
-425 688 -194
-379 740 -219
-288 671 -119
-375 574 -161
-343 568 -129
-358 502 -102
-440 423 -29
-364 385 -99
-361 332 -114
-319 378 -26
-337 319 -55
-323 350 -92
-368 327 -79
-399 377 -12
-487 477 68
-430 390 41
-484 347 23
-386 281 91
-426 317 176
-338 319 198
-316 271 119
-316 265 193
-253 178 201
-344 221 108
-440 202 12
-469 283 43
-384 193 95
-441 286 111
-458 194 187
-426 130 121
-482 197 205
-392 284 137
-468 188 222
-561 206 223
-553 209 279
-579 239 262
-510 146 323
-475 160 370
-539 211 276
-626 226 255
-716 295 229
-775 214 316
-784 210 391
-700 117 409
-757 126 425
-824 114 340
-795 135 389
-732 70 421
-711 123 323
-682 94 247
-765 127 199
-708 169 140
-806 253 235
-713 273 143
-746 252 44
-751 251 47
-727 303 114
-747 207 176
-798 240 148
-860 268 91
-933 296 16
-907 222 5
-838 229 -48
-783 313 -110
-741 238 -57
-683 248 -74
-669 148 -70
-760 90 -159
-840 41 -137
-784 66 -176
-805 152 -84
-705 150 -146
-743 126 -200
-705 153 -247
-717 110 -210
-705 202 -195
-804 252 -275
-862 199 -235
-835 112 -312
-812 172 -288
-768 145 -327
-834 239 -403
-878 278 -501
-835 200 -485
-748 122 -436
-781 25 -380
-702 64 -383
-709 65 -357
-621 -10 -365
-653 31 -411
-697 7 -325
-636 -44 -341
-699 12 -436
-778 20 -509
-682 71 -583
-612 131 -497
-570 94 -531
-523 177 -536
-597 230 -619
-567 187 -638
-626 189 -617
-547 156 -650
-598 144 -646
-586 228 -611
-685 321 -696
-668 403 -765
-628 485 -747
-657 585 -702
-558 666 -773
-494 646 -833
-486 617 -846
-510 706 -944
-525 789 -864
-501 849 -906
-414 897 -827
-385 889 -803
-458 911 -864
-444 1006 -846
-537 1033 -932
-605 958 -884
-609 1024 -950
-558 1074 -875
-460 1038 -885
-550 975 -907
-469 895 -934
-449 979 -893
-488 951 -832
-421 1040 -877
-430 1035 -829
-460 979 -840
-515 1070 -906
-519 1156 -858
-541 1225 -773
-567 1166 -815
-587 1187 -822
-526 1189 -844
-517 1091 -843
-570 1080 -925
-562 1002 -854
-574 907 -785
-510 1006 -692
-585 964 -677
-625 1030 -617
-536 1109 -682
-634 1199 -644
-701 1262 -691
-746 1293 -716
-690 1350 -783
-611 1254 -874
-625 1287 -878
-692 1204 -883
-707 1183 -932
-640 1213 -900
-716 1184 -807
-638 1279 -853
-586 1292 -851
-562 1242 -767
-639 1196 -680
-541 1184 -604
-554 1184 -586
-577 1093 -632
-531 993 -567
-501 999 -543
-576 985 -476
-601 942 -475
-680 887 -478
-677 976 -451
-602 901 -360
-646 869 -458
-628 910 -525
-664 853 -468
-731 926 -381
-673 973 -350
-770 1034 -338
-781 988 -337
-806 987 -412
-718 1014 -351
-788 1067 -422
-854 1096 -365
-804 1075 -306
-892 1115 -306
-842 1132 -250
-912 1231 -192
-923 1154 -117
-989 1152 -100
-994 1231 -167
-1081 1259 -164
-983 1302 -140
-946 1347 -41
-995 1406 -29
-929 1490 -17
-894 1410 30
-987 1457 14
-967 1483 41
-1043 1464 116
-1082 1458 108
-1031 1369 50
-1051 1403 82
-1076 1495 96
-1088 1451 136
-1178 1373 184
-1266 1352 229
-1175 1435 305
-1257 1444 260
-1268 1451 331
-1230 1386 361
-1211 1304 285
-1163 1404 276
-1171 1372 303
-1236 1436 317
-1202 1389 357
-1117 1341 298
-1189 1410 236
-1220 1371 152
-1159 1300 102
-1178 1332 40
-1168 1326 -21
-1177 1301 -55
-1085 1375 -114
-1019 1344 -116
-1073 1394 -52
-1112 1386 -78
-1078 1374 -76
-1084 1285 -22
-1176 1335 52
-1253 1312 -5
-1175 1373 -43
-1196 1294 -45
-1139 1229 -131
-1214 1271 -212
-1116 1253 -227
-1092 1235 -316
-1084 1155 -414
-1171 1171 -509
-1072 1077 -551
-1027 989 -482
-997 1040 -415
-903 1091 -351
-886 1143 -347
-901 1085 -328
-831 1044 -236
-908 955 -317
-1008 885 -358
-996 798 -324
-964 726 -302
-967 805 -377
-982 720 -470
-979 748 -488
-945 658 -550
-1027 590 -485
-1009 543 -425
-954 544 -454
-987 483 -486
-954 490 -550
-947 543 -540
-966 475 -493
-871 537 -592
-894 621 -526
-828 651 -516
-876 732 -531
-806 712 -538
-709 740 -558
-617 665 -461
-674 716 -451
-628 634 -544
-529 571 -458
-453 552 -482
-511 582 -512
-458 544 -461
-405 469 -496
-393 446 -521
-450 387 -534
-524 372 -613
-595 472 -623
-583 500 -589
-665 592 -634
-759 654 -638
-846 596 -665
-870 636 -710
-902 724 -616
-973 640 -690
-951 584 -727
-954 506 -659
-1020 507 -613
-1002 424 -710
-972 452 -773
-931 390 -764
-1019 422 -700
-1018 427 -661
-928 400 -658
-978 400 -673
-1045 310 -702
-1068 353 -650
-1057 290 -647
-1104 365 -744
-1061 426 -744
-1061 373 -674
-1148 403 -726
-1170 470 -666
-1169 489 -658
-1137 579 -666
-1069 562 -738
-987 475 -819
-996 440 -777
-1082 358 -854
192 6 14 21
54 -96 -68
96 -91 -66
139 -110 -48
52 -145 -114
33 -82 -82
-37 -29 -111
-70 16 -194
-143 -13 -285
-218 22 -339
-272 44 -382
-179 -37 -392
-251 -129 -391
-244 -152 -444
-223 -123 -482
-253 -199 -471
-286 -222 -526
-275 -152 -509
-236 -241 -569
-218 -147 -570
-156 -101 -634
-110 -187 -577
-56 -215 -497
-134 -166 -406
-188 -262 -431
-196 -203 -497
-104 -180 -526
-194 -97 -586
-219 -185 -492
-253 -233 -405
-241 -333 -314
-231 -374 -220
-198 -322 -255
-157 -403 -294
-180 -497 -367
-80 -405 -331
-44 -408 -345
-38 -483 -274
52 -478 -345
32 -466 -281
104 -444 -380
170 -442 -475
129 -426 -464
141 -498 -540
137 -514 -535
142 -530 -490
202 -582 -480
114 -562 -506
133 -554 -477
134 -519 -527
76 -608 -505
50 -557 -530
-50 -504 -598
-92 -466 -590
-151 -478 -525
-155 -405 -445
-251 -472 -512
-192 -428 -495
-217 -458 -483
-248 -359 -523
-310 -356 -523
-227 -356 -556
-204 -269 -581
-143 -261 -680
-166 -247 -656
-255 -297 -672
-184 -352 -725
-269 -331 -756
-256 -372 -741
-165 -422 -655
-193 -377 -733
-156 -406 -784
-126 -310 -756
-120 -210 -660
-79 -305 -605
-113 -219 -534
-86 -286 -449
-76 -233 -512
-58 -317 -464
11 -342 -507
36 -267 -512
108 -273 -580
36 -269 -524
113 -250 -549
69 -172 -478
88 -101 -490
117 -102 -482
30 -68 -538
-2 -86 -518
15 -24 -526
21 -109 -431
28 -113 -461
109 -176 -542
204 -158 -561
163 -66 -492
64 3 -557
150 95 -537
87 116 -438
165 144 -417
115 204 -326
203 285 -354
232 292 -361
140 253 -332
186 185 -328
139 136 -410
90 168 -433
15 159 -503
51 98 -582
-40 19 -607
-121 100 -639
-115 48 -719
-79 26 -734
-118 118 -661
-20 80 -655
-37 49 -658
-29 132 -592
-87 65 -557
-4 68 -627
-32 28 -532
-115 -49 -487
-184 -17 -521
-128 76 -542
-208 2 -624
-294 -66 -580
-278 23 -525
-358 12 -427
-375 68 -427
-469 114 -397
-481 157 -453
-518 136 -491
-443 233 -568
-476 201 -630
-538 248 -718
-474 216 -684
-479 230 -655
-395 253 -654
-393 256 -746
-454 272 -804
-420 250 -816
-353 340 -802
-330 315 -783
-369 297 -756
-466 300 -705
-475 339 -729
-467 294 -637
-424 196 -667
-510 290 -604
-599 351 -565
-513 313 -582
-461 235 -524
-376 199 -559
-354 173 -562
-372 86 -592
-430 75 -626
-392 131 -607
-368 218 -523
-374 241 -423
-297 238 -493
-384 273 -403
-347 179 -416
-345 127 -353
-385 178 -290
-292 130 -285
-235 127 -278
-139 74 -250
-70 120 -246
-15 20 -264
-2 101 -165
26 33 -151
-50 -5 -215
47 35 -278
137 135 -226
200 191 -294
290 173 -345
307 203 -339
243 145 -282
272 74 -206
270 150 -262
243 93 -234
322 73 -283
240 43 -192
215 129 -263
315 49 -254
218 6 -209
203 -83 -196
197 13 -168
267 68 -105
212 100 -190
195 100 -139
232 163 -233
136 169 -329
73 191 -267
-12 247 -197
401 13 19 21
-14 -71 -4
-5 17 79
-33 116 104
-57 117 79
-149 127 57
-181 168 56
-252 121 -32
-193 25 -53
-272 103 19
-291 128 58
-227 101 28
-213 111 29
-224 166 -68
-286 146 -141
-373 112 -235
-326 15 -145
-277 -40 -110
-281 -46 -198
-348 -114 -279
-334 -97 -268
-265 -165 -341
-177 -186 -254
-124 -121 -292
-112 -28 -322
-154 -33 -276
-93 -110 -361
-10 -138 -378
88 -105 -474
18 -113 -547
-21 -164 -533
-111 -115 -554
-56 -37 -509
20 11 -584
80 -21 -587
107 38 -682
207 118 -709
195 163 -782
129 228 -875
60 205 -941
26 217 -986
-11 131 -914
-29 160 -926
-64 159 -849
-3 192 -836
67 171 -811
98 165 -726
23 87 -637
77 174 -736
158 206 -724
177 256 -732
120 212 -722
155 147 -804
180 103 -763
261 74 -773
187 147 -813
240 222 -784
227 137 -790
208 59 -871
263 71 -842
335 119 -905
346 178 -853
434 159 -792
352 137 -730
315 57 -783
364 62 -853
434 3 -945
450 -11 -900
440 17 -998
525 73 -1051
462 -19 -1067
427 -93 -1088
441 -100 -1049
522 -143 -965
469 -186 -1044
519 -105 -1104
449 -75 -1200
502 8 -1237
571 -42 -1295
510 -120 -1331
581 -73 -1289
619 -70 -1355
582 -91 -1372
585 -156 -1293
544 -207 -1261
608 -266 -1243
546 -305 -1220
632 -365 -1320
592 -373 -1253
497 -390 -1304
571 -402 -1284
480 -378 -1283
546 -356 -1349
609 -435 -1402
579 -443 -1388
657 -376 -1435
681 -351 -1384
657 -423 -1294
615 -511 -1357
660 -493 -1391
618 -441 -1351
562 -409 -1359
502 -367 -1458
418 -329 -1420
399 -338 -1470
339 -391 -1540
263 -301 -1524
227 -270 -1455
261 -249 -1536
227 -325 -1447
169 -239 -1460
90 -306 -1514
164 -207 -1596
132 -206 -1570
146 -223 -1575
130 -268 -1582
149 -314 -1580
243 -358 -1603
206 -328 -1565
161 -291 -1485
113 -309 -1405
185 -355 -1460
247 -358 -1507
191 -353 -1481
124 -373 -1527
72 -392 -1559
68 -379 -1592
148 -375 -1686
123 -427 -1611
54 -385 -1530
94 -399 -1565
131 -331 -1646
181 -267 -1702
242 -171 -1611
290 -151 -1688
383 -206 -1730
318 -239 -1652
319 -331 -1604
279 -396 -1528
365 -404 -1595
300 -435 -1516
205 -462 -1481
303 -406 -1497
266 -368 -1530
239 -419 -1505
230 -492 -1594
328 -522 -1691
365 -571 -1621
362 -609 -1657
320 -580 -1755
338 -568 -1799
319 -519 -1760
321 -602 -1787
338 -575 -1797
286 -646 -1830
247 -583 -1824
250 -564 -1803
271 -511 -1879
269 -496 -1802
195 -477 -1828
288 -568 -1879
245 -498 -1975
171 -450 -2063
237 -425 -2079
201 -365 -2077
184 -421 -2146
145 -444 -2232
122 -493 -2235
119 -422 -2290
131 -441 -2267
204 -436 -2365
160 -430 -2376
97 -428 -2437
193 -391 -2406
225 -487 -2317
173 -397 -2269
214 -442 -2208
300 -393 -2178
341 -393 -2089
241 -373 -2077
199 -319 -2028
205 -347 -2023
132 -425 -2048
162 -350 -2049
231 -400 -1988
307 -388 -2060
268 -477 -1982
257 -500 -2015
331 -524 -2036
350 -575 -2004
294 -488 -2068
356 -410 -2049
348 -455 -2018
388 -521 -1918
349 -530 -1960
421 -558 -1913
393 -490 -1922
409 -415 -1875
468 -320 -1974
430 -370 -2003
386 -365 -1932
426 -368 -1905
514 -373 -1956
572 -309 -2053
613 -309 -1957
553 -269 -1971
464 -305 -2067
534 -354 -2089
517 -412 -2000
454 -409 -1961
512 -376 -1978
562 -417 -1905
463 -326 -1954
426 -306 -1909
344 -371 -1945
301 -416 -1940
269 -468 -1933
312 -396 -1978
246 -333 -1955
219 -295 -1964
126 -361 -1944
157 -308 -1986
179 -365 -1944
200 -460 -1915
217 -446 -1895
167 -414 -1938
253 -456 -1923
307 -376 -1978
219 -325 -1936
278 -289 -1838
276 -332 -1758
266 -261 -1745
176 -225 -1837
197 -211 -1844
280 -165 -1894
190 -215 -1850
251 -211 -1911
211 -172 -1996
299 -193 -2014
221 -109 -2062
168 -82 -2010
171 13 -2050
207 12 -1987
207 -64 -1947
109 -40 -1991
159 -67 -2026
87 -15 -1958
149 47 -1864
56 103 -1835
-8 182 -1850
-85 236 -1853
-104 200 -1899
-81 234 -1979
-60 283 -1971
-86 355 -2031
-80 431 -1962
-83 384 -2053
-54 311 -2014
-36 221 -1962
21 169 -1973
-13 218 -1972
-30 195 -1926
-39 234 -1913
-136 188 -1952
-233 90 -1931
-279 100 -1874
-204 151 -1923
-302 86 -1978
-337 26 -1965
-416 104 -2015
-347 25 -2011
-272 -24 -2099
-337 36 -2055
-371 106 -2039
-444 129 -2047
-462 166 -2028
-440 88 -1933
-376 22 -1991
-393 52 -1895
-470 65 -1911
-426 8 -1837
-406 -23 -1773
-371 73 -1849
-422 34 -1904
-341 -53 -1990
-258 1 -2088
-226 -18 -2012
-258 -111 -1926
-188 -116 -1895
-182 -144 -1800
-198 -73 -1747
-150 -97 -1781
-169 -155 -1727
-86 -176 -1766
-84 -151 -1807
-43 -73 -1741
-131 -16 -1674
-171 75 -1768
-245 122 -1773
-288 155 -1820
-216 221 -1747
-204 232 -1697
-155 233 -1644
-96 244 -1684
-8 314 -1605
-62 358 -1542
17 330 -1582
69 266 -1486
84 336 -1553
74 342 -1573
79 408 -1535
41 463 -1551
-9 364 -1585
-44 335 -1609
-133 297 -1620
-141 385 -1656
-109 366 -1715
-167 408 -1680
-257 412 -1661
-314 448 -1658
-365 419 -1674
-402 431 -1712
-411 351 -1812
-465 297 -1806
-464 310 -1849
-483 400 -1772
-473 475 -1859
-478 544 -1843
-403 592 -1889
-443 636 -1893
-476 558 -1941
-399 477 -1908
-487 538 -1995
-445 509 -2086
-540 521 -2047
-561 584 -1987
-484 623 -1908
-577 685 -1924
-636 761 -1943
-640 725 -1890
-682 782 -1943
-711 704 -1944
-642 641 -1962
-602 723 -1966
-690 737 -1906
-728 697 -1918
-653 648 -1942
-712 595 -1902
-800 507 -1945
-769 425 -1919
-751 370 -2002
-691 435 -1924
-682 497 -2002
-702 506 -2031
-722 440 -2116
-728 413 -2065
-822 494 -2015
-844 503 -2063
-895 509 -1978
-905 521 -2038
-942 468 -2073
-924 538 -2005
-985 594 -2077
-980 505 -2068
-886 600 -2052
-911 547 -2114
-980 569 -2155
-925 509 -2092
-911 548 -2169
-903 534 -2227
-853 488 -2187
-937 493 -2257
-922 514 -2258
-933 419 -2358
-1013 412 -2447
-1063 501 -2387
-1035 601 -2317
-1124 639 -2417
-1158 661 -2467
-1159 746 -2559
-1096 656 -2513
-1178 653 -2593
-1209 636 -2624
-1201 581 -2594
-1269 673 -2623
-1201 719 -2675
-1167 758 -2664
-1209 789 -2712
-1301 728 -2766
-1244 732 -2751
-1201 691 -2775
-1251 774 -2690
-1280 687 -2688
-1195 686 -2781
-1136 716 -2710
-1176 763 -2620
-1094 686 -2569
-1042 676 -2669
-1033 771 -2672
-1037 693 -2611
-1130 749 -2616
-1054 660 -2699
187 5 10 20
78 39 3
46 76 93
-4 164 46
96 262 -49
128 332 -41
33 335 -124
128 348 -53
32 261 -16
101 161 9
56 174 26
142 197 48
143 113 57
43 53 37
33 147 31
-52 197 84
-149 197 17
-132 177 25
-49 140 -2
-124 134 62
-172 82 7
-133 24 36
-33 50 -27
46 -6 -46
133 -9 33
230 86 -63
191 104 28
135 171 31
233 109 68
318 163 106
324 83 143
411 116 95
322 28 26
327 54 -74
426 106 -123
493 102 -38
469 182 8
383 230 86
346 152 62
361 195 41
267 165 81
186 188 141
265 121 145
264 184 89
324 95 141
309 13 128
354 -76 121
364 24 170
418 5 211
514 17 166
597 115 183
627 175 126
639 265 151
545 245 230
581 293 210
564 335 266
568 325 244
631 267 235
690 290 185
688 306 102
742 271 193
697 228 286
702 151 216
746 82 292
845 111 196
780 31 201
874 -32 277
923 -28 188
989 38 160
989 -52 143
1084 -82 194
1067 -18 256
1012 -110 193
1058 -30 201
1100 36 223
1140 -55 233
1233 6 238
1152 -78 275
1135 -87 214
1085 -107 274
1107 -197 283
1093 -120 317
1134 -161 317
1053 -250 250
1145 -284 324
1055 -253 262
1115 -279 344
1142 -199 349
1238 -132 385
1222 -37 394
1273 -41 393
1198 -11 461
1163 -65 448
1131 35 532
1085 -47 442
989 -20 344
971 -99 354
1050 -104 315
1100 -80 299
1188 -171 389
1214 -104 384
1254 -101 324
1349 -109 226
1272 -140 275
1258 -94 326
1248 -68 351
1202 -48 277
1203 7 196
1175 0 278
1078 29 257
1054 125 160
971 171 63
1057 183 104
1038 249 64
1035 186 7
1005 172 -65
1040 252 34
1140 295 67
1140 331 124
1057 409 40
959 467 -6
958 526 52
1042 489 70
1012 499 49
1109 477 131
1080 463 221
1015 413 303
939 390 263
1020 348 205
984 313 173
994 296 89
932 340 62
834 373 93
877 383 108
938 294 149
841 283 182
907 381 209
1005 361 124
1031 430 125
1113 476 185
1123 425 124
1073 489 139
1053 393 166
966 304 87
1000 270 39
914 304 78
877 289 -1
917 227 54
1000 276 92
938 222 141
1013 254 68
1091 289 8
1076 289 -13
1100 343 -55
1153 425 -35
1143 417 39
1122 356 114
1127 406 119
1068 367 22
994 331 -69
990 311 22
1020 368 26
980 340 123
923 257 178
857 296 115
871 197 150
830 262 139
878 239 69
844 186 53
878 98 131
872 71 178
928 150 162
937 148 253
996 218 161
1006 154 83
946 193 91
1015 163 148
936 207 209
929 294 195
879 336 188
836 374 164
789 418 255
847 483 334
938 430 321
967 405 386
918 401 305
1008 403 276
960 337 292
373 15 17 23
-80 -89 -1
-8 -69 54
-101 9 -30
-178 -43 -77
-241 5 -140
-203 105 -153
-122 24 -170
-123 116 -179
-78 108 -89
-113 193 -155
-76 188 -139
-35 227 -235
-135 146 -201
-219 47 -145
-120 31 -132
-59 14 -150
20 -57 -202
-72 -93 -212
-83 -83 -202
-84 -106 -161
2 -113 -191
50 -16 -152
139 -113 -123
219 -94 -157
172 -149 -153
189 -105 -216
271 -166 -253
232 -187 -168
314 -238 -87
247 -242 -157
324 -186 -127
337 -96 -71
339 -33 -96
368 32 -184
397 120 -142
409 60 -162
429 69 -239
385 109 -307
288 79 -312
388 58 -274
427 102 -181
453 111 -116
405 68 -139
439 95 -74
492 180 -86
474 153 -180
473 165 -224
549 252 -268
491 322 -266
514 418 -317
462 348 -334
381 268 -379
412 338 -366
345 344 -455
329 398 -379
301 434 -455
360 420 -382
405 477 -378
393 390 -328
409 360 -293
424 333 -312
324 239 -349
388 331 -352
471 430 -315
526 371 -383
583 397 -358
586 301 -272
546 298 -363
500 232 -332
453 171 -374
359 240 -308
325 182 -274
400 197 -322
341 164 -330
364 109 -249
362 150 -286
439 151 -263
449 248 -306
469 294 -244
453 373 -184
520 406 -274
532 446 -272
615 359 -300
656 277 -245
655 234 -170
655 293 -96
734 365 -66
722 269 4
787 211 -55
849 250 -32
894 259 57
953 315 97
1042 359 21
1054 443 116
1008 428 40
945 329 -43
977 405 -132
1029 501 -154
972 478 -102
908 478 -164
982 477 -125
925 518 -127
905 611 -169
985 598 -259
936 628 -294
953 615 -333
928 643 -318
889 603 -313
795 505 -222
868 507 -225
848 509 -266
832 474 -339
782 533 -358
718 520 -360
700 515 -371
719 598 -374
741 696 -384
661 633 -417
671 710 -420
662 757 -439
699 694 -445
707 757 -399
750 788 -306
820 866 -309
889 846 -343
792 853 -260
750 949 -314
746 951 -243
794 855 -309
718 763 -383
640 688 -441
661 627 -519
667 563 -556
728 619 -577
632 592 -526
585 679 -564
598 604 -563
567 597 -541
535 687 -479
442 634 -407
534 593 -411
478 688 -337
480 713 -273
446 725 -258
504 675 -322
465 682 -366
464 719 -450
557 719 -436
601 628 -445
508 579 -398
474 592 -362
421 606 -355
506 655 -345
448 668 -353
501 570 -426
435 475 -436
506 543 -535
432 618 -474
502 542 -557
474 551 -530
462 579 -602
488 566 -652
473 636 -737
392 734 -725
478 748 -773
566 719 -754
546 711 -843
504 619 -849
492 587 -882
506 527 -820
504 594 -743
568 586 -780
538 613 -808
521 561 -888
544 601 -891
521 567 -797
430 594 -788
352 581 -776
394 662 -778
461 725 -712
382 660 -787
309 720 -780
288 655 -850
278 693 -790
245 741 -876
322 779 -814
407 807 -773
341 726 -867
311 668 -916
285 695 -912
369 736 -967
359 702 -987
447 624 -1057
473 539 -1018
492 504 -1067
411 604 -1074
389 625 -1006
489 679 -1079
407 593 -1034
333 632 -1090
382 656 -1136
424 602 -1217
394 523 -1303
375 502 -1373
394 573 -1465
488 631 -1478
512 594 -1495
458 627 -1410
554 605 -1418
646 524 -1415
730 585 -1477
669 596 -1497
575 600 -1495
494 692 -1490
445 618 -1543
374 543 -1612
319 556 -1620
308 610 -1568
339 536 -1520
373 623 -1515
398 592 -1476
349 563 -1379
280 551 -1382
236 469 -1471
157 477 -1451
147 553 -1466
182 597 -1396
194 625 -1466
162 600 -1382
63 515 -1378
109 495 -1370
16 516 -1388
61 572 -1309
102 580 -1326
130 570 -1322
124 640 -1304
203 640 -1274
166 600 -1245
123 532 -1307
90 542 -1346
22 633 -1298
-16 663 -1270
-12 631 -1213
-25 728 -1254
67 672 -1192
94 574 -1260
154 499 -1310
125 418 -1333
40 378 -1366
42 374 -1315
6 409 -1262
-5 325 -1247
-3 374 -1186
-24 299 -1238
-46 337 -1181
-117 349 -1208
-133 261 -1292
-97 204 -1214
-57 144 -1202
0 177 -1243
-60 116 -1187
21 75 -1158
107 23 -1100
61 -63 -1020
64 -83 -1113
38 -142 -1193
-17 -125 -1119
-66 -191 -1172
-126 -164 -1265
-200 -114 -1290
-220 -79 -1355
-278 16 -1315
-185 -54 -1244
-126 -106 -1210
-148 -144 -1150
-87 -117 -1109
-27 -191 -1063
-38 -92 -1125
-73 -188 -1090
-75 -194 -1168
-173 -227 -1170
-117 -324 -1134
-183 -305 -1092
-150 -385 -1164
-171 -292 -1202
-130 -220 -1286
-183 -152 -1380
-169 -171 -1388
-98 -192 -1372
-196 -276 -1358
-163 -242 -1422
-129 -143 -1343
-85 -192 -1325
-170 -175 -1367
-70 -121 -1338
-56 -188 -1239
-4 -226 -1174
81 -269 -1093
149 -363 -1104
213 -426 -1068
123 -383 -1009
183 -367 -931
119 -284 -964
121 -281 -951
191 -379 -884
287 -418 -828
384 -417 -836
429 -466 -801
388 -374 -805
308 -403 -862
270 -419 -817
332 -359 -915
265 -334 -996
311 -323 -1029
272 -285 -954
306 -290 -894
206 -197 -912
203 -166 -973
163 -229 -1050
81 -328 -969
142 -382 -882
84 -468 -816
1 -559 -882
27 -550 -864
-73 -543 -886
12 -486 -885
34 -496 -918
125 -566 -1002
95 -538 -968
57 -576 -949
81 -612 -1025
109 -667 -1112
102 -710 -1090
71 -700 -1149
90 -744 -1211
33 -828 -1161
87 -911 -1128
47 -955 -1044
101 -1034 -1133
25 -1086 -1137
-7 -1175 -1170
92 -1268 -1210
150 -1194 -1227
171 -1184 -1257
208 -1160 -1196
163 -1188 -1293
260 -1102 -1381
317 -1120 -1285
358 -1096 -1215
267 -1058 -1275
356 -1146 -1263
287 -1129 -1224
365 -1030 -1191
365 -979 -1226
278 -925 -1299
292 -849 -1305
367 -896 -1346
346 -823 -1344
277 -839 -1322
177 -809 -1355
155 -901 -1345
199 -867 -1419
158 -876 -1364
204 -921 -1454
170 -948 -1494
251 -884 -1588
333 -941 -1611
262 -895 -1632
198 -819 -1628
162 -730 -1704
141 -815 -1785
145 -865 -1781
109 -842 -1765
408 8 16 20
22 -45 86
-28 -95 18
49 -42 -19
-51 9 -84
-30 -91 -99
-38 -33 -129
-47 -17 -67
21 -84 -145
118 -1 -118
60 -32 -116
15 -126 -144
-68 -191 -144
-33 -216 -54
-68 -256 -50
-116 -348 -58
-102 -253 -69
-170 -340 -90
-175 -241 -88
-125 -224 -141
-29 -316 -46
-57 -402 -43
10 -343 12
-75 -364 78
-31 -341 73
-130 -330 -15
-202 -418 9
-110 -518 34
-72 -601 48
-103 -633 20
-38 -660 55
-79 -613 95
-67 -663 32
-48 -664 15
-110 -632 110
-149 -680 162
-167 -602 191
-125 -648 131
-94 -593 123
-189 -575 131
-220 -530 69
-193 -536 85
-119 -506 -7
-129 -414 -40
-186 -437 -24
-130 -342 -60
-195 -349 -64
-200 -381 12
-183 -479 45
-263 -434 63
-289 -383 70
-288 -483 -12
-368 -465 20
-306 -533 90
-273 -480 43
-363 -433 119
-311 -500 142
-224 -405 47
-124 -478 45
-127 -564 5
-96 -650 94
-25 -731 83
-42 -784 -12
-124 -711 -37
-221 -801 54
-319 -875 32
-267 -855 -51
-319 -786 -134
-389 -781 -190
-487 -797 -143
-497 -864 -143
-503 -860 -124
-562 -957 -33
-556 -1016 -123
-599 -1064 -72
-585 -1039 -19
-590 -1112 53
-524 -1063 133
-490 -1123 231
-520 -1219 317
-487 -1141 365
-454 -1081 368
-505 -1041 416
-435 -1056 478
-441 -1144 494
-443 -1125 504
-412 -1054 448
-379 -956 459
-319 -953 417
-350 -890 476
-345 -824 521
-348 -745 495
-305 -784 527
-229 -751 554
-315 -708 498
-282 -759 469
-370 -753 412
-290 -686 371
-352 -735 359
-392 -776 351
-491 -770 409
-426 -811 417
-447 -848 326
-500 -768 335
-481 -834 422
-522 -758 336
-465 -770 423
-371 -807 438
-449 -883 517
-427 -853 439
-368 -944 511
-388 -854 593
-485 -774 633
-498 -682 692
-486 -606 616
-505 -576 540
-528 -583 445
-473 -623 508
-458 -527 570
-358 -454 579
-377 -465 537
-333 -520 620
-321 -460 601
-375 -557 693
-336 -475 611
-349 -564 543
-388 -599 522
-469 -608 528
-410 -680 460
-355 -593 392
-334 -504 443
-364 -452 396
-337 -527 490
-255 -524 468
-287 -471 466
-331 -505 531
-402 -532 475
-378 -486 455
-411 -474 427
-344 -533 481
-389 -545 502
-395 -640 478
-340 -672 574
-338 -739 613
-239 -742 570
-229 -734 612
-291 -794 642
-338 -708 623
-378 -781 688
-284 -722 598
-329 -692 498
-236 -661 459
-328 -750 536
-365 -714 578
-324 -681 629
-389 -656 688
-416 -746 675
-357 -672 585
-325 -714 488
-352 -690 462
-262 -682 417
-181 -705 401
-170 -658 418
-81 -587 318
-107 -519 275
-100 -515 273
-96 -566 184
-194 -582 132
-217 -527 151
-295 -500 65
-336 -498 79
-238 -408 94
-325 -364 -2
-285 -426 -44
-323 -465 -37
-275 -505 -121
-228 -562 -29
-248 -646 65
-208 -574 7
-130 -669 49
-141 -696 -6
-68 -741 -30
9 -706 -116
38 -767 -171
36 -741 -109
76 -692 -110
155 -664 -160
250 -577 -210
207 -589 -193
154 -652 -249
115 -584 -342
115 -608 -431
211 -653 -493
262 -711 -461
245 -718 -492
331 -723 -563
310 -624 -574
392 -651 -629
480 -730 -551
564 -812 -464
568 -886 -405
484 -861 -309
509 -800 -212
569 -886 -248
626 -850 -159
720 -834 -73
800 -777 -108
878 -764 -21
815 -743 -83
746 -684 -90
817 -596 -15
829 -534 -109
916 -625 -119
914 -709 -92
1003 -719 -153
969 -711 -121
990 -780 -87
1076 -818 -129
1093 -786 -151
1055 -696 -226
1021 -718 -270
979 -634 -241
980 -712 -327
915 -795 -345
910 -702 -249
984 -711 -198
956 -774 -233
919 -732 -196
946 -662 -127
948 -568 -163
1037 -510 -110
992 -589 -140
1009 -678 -177
1018 -698 -257
1077 -684 -232
1076 -615 -215
985 -583 -285
1027 -535 -376
1008 -463 -423
1092 -535 -372
1086 -484 -420
1003 -443 -394
1051 -411 -462
971 -479 -392
898 -401 -448
990 -338 -449
1052 -357 -349
1130 -285 -285
1063 -367 -288
1160 -299 -366
1093 -358 -285
1056 -426 -346
1094 -400 -418
1190 -343 -498
1213 -394 -450
1227 -492 -550
1229 -432 -605
1280 -432 -538
1203 -481 -475
1187 -460 -378
1220 -412 -447
1173 -491 -486
1126 -573 -403
1183 -549 -326
1201 -514 -304
1157 -597 -310
1198 -537 -268
1131 -547 -346
1060 -569 -312
1150 -482 -328
1100 -549 -386
1121 -535 -426
1065 -470 -365
1141 -437 -265
1151 -493 -292
1091 -394 -213
1182 -444 -171
1128 -463 -107
1162 -560 -84
1165 -474 -67
1089 -405 -2
1105 -350 -13
1042 -421 -37
1110 -403 62
1031 -362 11
959 -364 -43
939 -322 -61
888 -267 14
912 -250 94
846 -160 52
784 -134 117
766 -121 208
702 -140 194
701 -214 252
723 -306 236
676 -375 213
773 -283 129
858 -349 35
830 -424 56
764 -460 8
811 -551 -46
892 -635 -106
988 -659 -30
1074 -691 35
1141 -642 -7
1061 -641 -101
1068 -558 -63
1156 -587 -16
1131 -489 63
1073 -485 19
1169 -582 70
1106 -514 43
1130 -546 117
1044 -601 57
1069 -543 -9
972 -562 8
1022 -496 -54
1039 -575 -114
961 -667 -186
1036 -655 -108
1011 -668 -120
1045 -617 -152
990 -529 -248
935 -582 -230
884 -622 -172
968 -551 -110
1057 -492 -197
1148 -519 -268
1179 -442 -301
1161 -502 -218
1173 -426 -205
1213 -423 -122
1232 -341 -158
1228 -441 -247
1212 -375 -189
1134 -328 -166
1227 -306 -134
1182 -311 -121
1231 -373 -153
1135 -352 -177
1071 -391 -140
1151 -295 -44
1117 -256 56
1069 -352 59
1073 -261 63
1058 -178 47
1125 -230 -2
1053 -234 69
1026 -149 62
1037 -174 -13
958 -227 -103
917 -323 -137
944 -408 -62
905 -326 13
841 -342 -71
931 -389 -130
1031 -335 -71
1012 -236 -147
1092 -292 -236
1056 -270 -250
1057 -316 -221
980 -249 -133
993 -149 -95
997 -196 -88
912 -102 -67
867 -5 -37
902 -43 -26
837 49 2
837 -16 -5
932 56 -4
836 31 -16
801 114 -83
758 90 -131
765 64 -143
749 131 -87
729 58 -47
762 40 -87
730 119 -115
659 207 -34
648 172 -80
554 239 -157
457 210 -205
400 151 -157
393 215 -115
371 315 -116
458 314 -105
453 371 -201
449 322 -234
410 373 -184
397 444 -203
497 439 -191
435 394 -149
349 448 -239
285 431 -337
256 501 -279
343 588 -329
414 491 -269
428 490 -210
525 424 -124
511 395 -196
426 412 -244
368 413 -336
325 428 -289
359 524 -219
259 585 -142
187 616 -129
258 667 -45
246 727 -13
266 756 82
497 9 12 17
50 -65 -90
129 28 -9
161 -64 11
180 21 70
219 84 22
307 160 105
277 131 92
214 145 191
288 76 206
297 -19 173
348 61 125
249 -8 95
198 21 42
213 119 87
290 25 124
292 -73 36
325 -21 -3
368 31 -24
408 -55 -82
389 -29 -111
338 27 -70
420 -29 -108
386 -121 -36
434 -214 29
393 -297 33
316 -301 124
363 -382 92
388 -355 175
311 -297 114
315 -221 36
266 -236 15
319 -231 -37
388 -147 19
327 -82 -73
287 9 -68
295 38 -106
268 15 -168
232 29 -206
293 74 -254
207 155 -154
275 168 -125
288 236 -182
299 306 -158
339 359 -239
255 259 -275
347 265 -289
427 257 -357
405 164 -439
480 71 -367
413 34 -400
495 5 -336
443 -70 -408
477 -3 -466
567 -32 -427
567 44 -485
495 75 -509
582 133 -425
597 102 -475
585 193 -383
597 201 -401
630 255 -336
633 183 -272
612 159 -301
636 80 -265
685 122 -241
721 156 -304
761 244 -395
682 233 -298
720 226 -309
680 196 -235
766 292 -232
687 346 -327
592 410 -282
662 394 -335
671 330 -321
728 263 -255
773 204 -169
743 215 -206
769 313 -292
761 218 -202
772 194 -132
788 120 -136
729 48 -162
737 -48 -214
765 36 -190
732 43 -167
804 -32 -215
749 -69 -134
711 -48 -216
721 -14 -261
682 56 -345
720 142 -407
679 128 -496
777 112 -470
719 125 -463
645 138 -469
602 126 -497
544 187 -400
502 160 -452
443 82 -533
384 116 -581
451 194 -562
472 172 -605
459 245 -695
506 292 -649
437 219 -718
366 165 -662
410 150 -742
311 75 -832
360 56 -816
346 118 -846
319 24 -782
339 -65 -794
350 -99 -754
376 -48 -712
454 16 -736
541 73 -715
540 26 -759
570 88 -757
609 95 -779
676 189 -731
716 163 -824
805 156 -917
874 150 -870
803 67 -927
735 121 -840
710 140 -861
617 53 -825
633 152 -743
633 191 -645
692 153 -610
634 236 -641
542 214 -619
535 189 -548
577 282 -633
616 310 -725
640 344 -682
692 286 -643
736 302 -625
756 265 -671
753 191 -723
797 148 -634
846 219 -574
922 224 -596
972 235 -655
946 185 -710
941 224 -694
1023 160 -738
974 77 -651
926 109 -681
837 64 -722
740 2 -704
668 91 -671
712 -6 -591
721 88 -594
726 170 -666
714 145 -579
667 106 -500
623 19 -404
694 -8 -306
779 35 -348
817 -22 -409
852 -76 -467
764 -100 -524
733 -167 -522
776 -240 -512
873 -263 -544
856 -247 -519
889 -152 -543
805 -193 -458
885 -287 -530
842 -336 -490
927 -431 -444
863 -485 -538
792 -407 -514
863 -418 -561
904 -357 -651
804 -315 -731
895 -374 -755
981 -275 -721
938 -224 -818
989 -240 -822
917 -265 -829
912 -225 -921
946 -277 -975
1023 -216 -988
944 -135 -927
869 -177 -927
946 -153 -982
958 -202 -896
950 -206 -880
991 -197 -841
1014 -253 -834
960 -310 -912
958 -364 -1001
881 -280 -1023
868 -202 -1121
849 -132 -1069
878 -54 -1125
912 45 -1213
863 44 -1214
882 39 -1199
807 5 -1244
875 30 -1199
910 53 -1294
987 144 -1221
1016 95 -1288
1015 75 -1270
992 40 -1281
990 -26 -1301
990 -90 -1255
998 -146 -1160
1017 -150 -1067
971 -181 -1084
984 -269 -1182
1059 -271 -1243
1000 -279 -1170
972 -327 -1188
993 -247 -1268
1063 -312 -1327
1123 -325 -1352
1092 -296 -1278
1166 -380 -1255
1207 -359 -1303
1242 -445 -1209
1175 -508 -1113
1146 -575 -1125
1055 -629 -1048
1107 -551 -1108
1104 -578 -1189
1204 -671 -1215
1210 -725 -1130
1146 -713 -1082
1054 -749 -1054
1138 -822 -1038
1071 -831 -1063
1033 -754 -999
1054 -695 -904
1149 -755 -995
1242 -742 -1015
1260 -643 -1086
1192 -653 -1111
1258 -732 -1073
1297 -810 -1116
1353 -884 -1065
1445 -845 -1056
1531 -879 -1082
1456 -801 -1036
1545 -871 -971
1589 -893 -1018
1564 -883 -927
1642 -920 -948
1622 -976 -900
1712 -995 -848
1743 -915 -947
1787 -815 -983
1836 -877 -1063
1920 -801 -975
1870 -871 -993
1792 -911 -1013
1871 -1001 -1077
1815 -981 -977
1776 -1022 -1017
1811 -992 -1076
1823 -907 -1170
1804 -869 -1113
1835 -932 -1110
1906 -957 -1159
1927 -905 -1101
1911 -827 -1048
1911 -843 -975
1895 -941 -926
1948 -1038 -858
1880 -941 -880
1923 -989 -925
1850 -941 -1010
1949 -956 -1057
1894 -1025 -1031
1953 -954 -1096
1855 -854 -1003
1798 -865 -1025
1727 -825 -1041
1643 -773 -955
1643 -812 -878
1584 -824 -866
1612 -892 -793
1547 -878 -886
1569 -895 -829
1539 -817 -759
1465 -738 -834
1394 -673 -823
1491 -695 -797
1537 -764 -882
1584 -720 -967
1675 -820 -883
1644 -901 -836
1710 -911 -807
1713 -1000 -773
1670 -913 -772
1684 -907 -813
1716 -816 -782
1679 -899 -737
1693 -896 -827
1775 -825 -858
1727 -776 -953
1823 -691 -957
1766 -788 -1051
1725 -793 -962
1788 -726 -985
1819 -739 -1007
1886 -674 -961
1970 -636 -957
1984 -577 -937
1900 -626 -993
1921 -545 -907
1910 -643 -934
1996 -677 -859
2075 -606 -774
2110 -649 -808
2182 -642 -863
2141 -551 -803
2158 -486 -830
2175 -574 -771
2190 -562 -691
2159 -530 -606
2114 -570 -676
2111 -518 -682
2206 -478 -661
2125 -442 -663
2160 -400 -650
2126 -311 -637
2211 -348 -591
2111 -436 -548
2195 -479 -549
2255 -425 -583
2241 -325 -663
2274 -359 -656
2197 -273 -619
2153 -196 -681
2088 -176 -714
2104 -260 -618
2136 -237 -562
2186 -198 -564
2088 -256 -548
1999 -163 -500
2097 -149 -551
2139 -217 -579
2113 -144 -675
2032 -155 -629
2038 -208 -633
2014 -124 -649
1926 -205 -665
1972 -289 -685
2061 -223 -701
2154 -232 -631
2203 -199 -724
2225 -127 -760
2162 -105 -718
2133 -85 -704
2137 -105 -669
2148 -40 -621
2193 -33 -618
2169 -41 -636
2247 -92 -599
2213 -117 -585
2155 -57 -645
2060 14 -647
2079 62 -656
2060 147 -610
1968 233 -634
2017 250 -706
2088 264 -618
2172 232 -630
2225 221 -642
2198 154 -610
2296 168 -557
2211 197 -569
2207 241 -540
2181 169 -588
2103 238 -630
2039 140 -602
2094 210 -566
2068 297 -572
2044 214 -568
1963 193 -582
2055 245 -591
2097 252 -578
2133 177 -621
2059 255 -699
2081 243 -627
2061 339 -597
2125 407 -585
2088 456 -564
2067 389 -594
2043 441 -556
2114 377 -638
2059 335 -679
2105 245 -724
2060 212 -767
2092 295 -727
2114 300 -826
2037 213 -832
2111 264 -828
2124 288 -817
2062 316 -814
1978 359 -758
2029 277 -839
1957 285 -891
1921 327 -909
1858 427 -919
1893 328 -960
1913 291 -987
1901 272 -1069
1821 250 -1006
1846 262 -1102
1827 318 -1091
1895 262 -1094
1974 283 -1001
2069 244 -1003
2067 215 -1069
1988 129 -1034
1942 126 -1095
1990 67 -1035
2007 4 -982
2010 13 -952
2021 95 -858
2113 59 -904
2176 145 -978
2106 169 -1014
2078 224 -987
2136 197 -946
2212 121 -881
2128 179 -971
2166 120 -919
2117 170 -886
2036 253 -883
1979 351 -970
1897 399 -937
1899 362 -875
1843 444 -967
1917 485 -962
1991 476 -930
1956 531 -943
2048 501 -850
1986 585 -821
2059 622 -872
1977 696 -888
1966 721 -927
1953 803 -935
1947 825 -846
1970 745 -790
1915 762 -859
2010 837 -941
1913 902 -1035
1894 847 -1101
1983 894 -1163
1966 928 -1137
2043 885 -1131
1997 922 -1218
2030 854 -1230
2108 774 -1299
2096 863 -1398
2081 847 -1402
2151 794 -1404
2135 801 -1441
2225 815 -1510
2288 806 -1451
2363 890 -1498
2331 902 -1512
2332 809 -1418
2352 864 -1420
2333 850 -1466
2314 820 -1424
2385 817 -1509
2286 820 -1504
2194 781 -1501
2098 809 -1570
2026 904 -1630
1930 974 -1531
1833 1059 -1487
1733 1024 -1423
1773 1123 -1440
1770 1209 -1513
1851 1236 -1606
1945 1235 -1658
1998 1139 -1662
1951 1106 -1746
1983 1206 -1839
2063 1258 -1770
2058 1318 -1790
2090 1332 -1823
2015 1399 -1819
2028 1372 -1815
2030 1304 -1753
1972 1248 -1836
1990 1164 -1754
1908 1215 -1831
162 11 14 29
18 31 37
82 54 74
64 41 33
56 -3 81
151 17 116
197 49 90
287 70 182
245 101 257
296 104 330
336 56 258
365 16 182
435 71 277
440 46 231
522 47 323
455 72 346
457 5 254
474 -42 311
545 -99 214
556 -181 300
550 -144 392
500 -54 457
485 -128 389
557 -89 426
513 -66 453
567 -148 541
512 -74 537
434 -97 543
371 -95 514
302 -151 437
236 -243 455
242 -151 502
274 -156 414
277 -223 454
239 -286 389
176 -352 406
82 -344 440
103 -285 479
16 -278 442
1 -348 431
30 -411 428
125 -354 332
176 -356 372
220 -300 343
133 -291 435
81 -283 367
0 -352 295
-4 -376 393
11 -412 448
-42 -414 513
26 -503 418
73 -472 404
148 -541 352
175 -599 393
275 -599 358
238 -541 406
251 -488 389
187 -564 416
101 -594 350
52 -545 426
-15 -519 524
2 -606 425
-43 -688 367
-102 -746 351
-19 -787 271
-69 -811 208
-160 -760 237
-93 -715 213
-23 -689 302
-76 -695 221
-23 -769 252
-120 -857 160
-174 -937 214
-145 -871 242
-97 -804 281
-155 -772 367
-56 -847 398
-142 -844 497
-136 -854 596
-190 -841 676
-270 -761 613
-292 -768 646
-235 -737 701
-165 -800 601
-242 -748 540
-202 -802 446
-279 -736 373
-264 -745 318
-293 -741 408
-316 -646 447
-394 -561 407
-341 -598 386
-344 -672 373
-416 -764 431
-368 -793 492
-468 -812 536
-547 -743 452
-481 -827 524
-411 -793 596
-363 -790 536
-381 -840 513
-356 -787 552
-313 -759 556
-295 -825 520
-312 -833 505
-249 -748 558
-215 -837 575
-156 -747 491
-75 -802 393
-99 -896 367
-9 -986 327
-30 -1010 297
-39 -1101 370
34 -1030 431
-31 -997 491
-40 -971 441
-67 -877 526
-114 -937 477
-19 -994 429
48 -987 434
8 -935 343
-37 -990 327
-108 -1018 279
-37 -961 207
-79 -1015 249
-146 -959 266
-168 -981 350
-147 -887 446
-228 -883 527
-168 -814 457
-127 -864 394
-142 -782 361
-43 -816 275
-27 -780 245
-24 -707 280
14 -630 346
44 -632 347
54 -713 349
108 -664 389
78 -616 432
123 -519 404
129 -537 414
195 -574 317
294 -543 277
203 -630 263
275 -588 239
254 -582 146
319 -630 60
305 -531 -17
355 -604 -51
364 -595 -63
318 -636 -107
330 -702 -114
379 -758 -31
331 -724 -35
427 -670 15
511 -640 0
505 -574 93
572 -620 58
642 -615 -6
615 -572 -3
628 -602 46
667 -547 124
217 5 10 15
84 -64 49
30 -1 -15
47 -46 -71
113 -33 -145
164 -101 -189
252 -118 -225
342 -208 -284
257 -118 -267
222 -18 -241
161 68 -339
165 128 -348
69 119 -400
75 56 -327
-4 102 -315
0 18 -322
91 82 -331
149 147 -253
162 76 -259
130 71 -342
125 12 -244
53 -84 -260
8 -165 -175
-45 -264 -144
-59 -343 -138
13 -298 -82
3 -267 -162
32 -334 -179
-1 -411 -128
32 -392 -201
0 -333 -279
-69 -296 -190
-18 -234 -226
-113 -172 -192
-81 -237 -112
-138 -180 -99
-80 -165 -120
-23 -118 -149
-42 -108 -80
-115 -54 -141
-25 -136 -238
-102 -148 -321
-43 -208 -392
-1 -166 -312
-81 -243 -376
-36 -313 -326
-104 -283 -254
-201 -284 -195
-205 -369 -134
-252 -437 -117
-159 -399 -186
-255 -439 -188
-306 -436 -110
-310 -534 -46
-213 -514 -100
-198 -520 -164
-296 -445 -262
-354 -486 -257
-295 -444 -170
-231 -460 -184
-179 -383 -225
-200 -483 -151
-235 -396 -207
-190 -363 -201
-106 -361 -237
-121 -326 -153
-203 -258 -137
-155 -333 -62
-55 -308 -71
-145 -260 -92
-172 -173 -149
-117 -180 -65
-59 -228 -42
35 -312 -39
-57 -359 -94
11 -303 -9
74 -371 30
129 -408 32
195 -332 -27
252 -287 -29
326 -286 -112
333 -248 -28
353 -291 -97
448 -256 -98
354 -234 -25
320 -170 -106
357 -265 -6
259 -227 -48
229 -322 -87
171 -331 -175
215 -272 -233
145 -237 -144
226 -265 -150
218 -234 -172
247 -224 -243
309 -137 -227
250 -208 -196
218 -307 -260
307 -396 -311
306 -393 -312
329 -354 -251
245 -415 -324
343 -361 -345
250 -375 -264
273 -284 -203
306 -241 -294
334 -271 -291
308 -202 -244
255 -136 -325
192 -161 -366
110 -180 -419
184 -256 -327
221 -175 -355
221 -236 -359
183 -296 -316
191 -306 -332
141 -291 -330
96 -293 -231
23 -287 -283
-7 -231 -295
26 -331 -247
44 -275 -201
-30 -201 -270
-97 -163 -350
-133 -120 -326
-147 -163 -414
-56 -145 -460
-48 -70 -381
28 -22 -303
121 61 -377
152 118 -383
168 131 -365
92 174 -429
27 222 -359
-46 264 -341
-81 316 -292
-14 350 -269
35 264 -226
57 192 -145
-37 262 -112
-85 294 -121
-79 338 -50
-153 317 -147
-172 401 -188
-158 370 -179
-169 342 -206
-240 284 -122
-311 347 -118
-389 370 -186
-410 375 -102
-387 301 -141
-299 353 -218
-374 352 -161
-440 439 -241
-363 469 -169
-366 474 -156
-381 547 -198
-359 468 -152
-329 486 -218
-363 481 -216
-278 439 -126
-271 477 -202
-296 414 -213
-394 350 -230
-431 269 -317
-406 265 -396
-409 297 -358
-419 321 -400
-321 266 -458
-409 281 -407
-346 286 -449
-349 370 -537
-427 278 -593
-417 254 -621
-368 247 -661
-346 203 -690
-435 228 -698
-460 290 -701
-457 222 -779
-438 195 -779
-456 175 -794
-384 122 -777
-418 145 -730
-442 169 -654
-467 230 -735
-467 136 -750
-506 50 -818
-531 -50 -795
-462 -108 -754
-430 -147 -663
-384 -67 -580
-361 -125 -675
-320 -153 -733
-373 -70 -652
-278 -15 -574
-210 -75 -652
-299 21 -680
-378 53 -691
-299 66 -596
-376 -9 -680
-330 -42 -653
-364 -92 -750
-397 -40 -797
-359 -20 -842
-383 3 -922
-295 -47 -1010
-374 8 -948
-451 -14 -1022
-521 35 -1085
-494 60 -1093
-429 4 -1008
-504 12 -1036
-423 -78 -1009
-398 -108 -1061
-397 -46 -974
-420 -126 -903
-464 -164 -914
-396 -160 -843
360 18 24 26
-60 52 33
3 -9 -31
-62 -16 -85
-99 -69 -150
-35 -112 -129
-69 -40 -108
-65 -61 -91
-142 32 -118
-69 -7 -118
-138 -75 -188
-41 -121 -223
-122 -159 -298
-36 -240 -246
-120 -141 -182
-185 -143 -268
-267 -222 -363
-291 -177 -420
-212 -161 -452
-161 -96 -401
-186 -192 -398
-244 -263 -439
-240 -176 -382
-265 -108 -480
-317 -164 -465
-272 -205 -519
-313 -274 -530
-260 -186 -566
-222 -253 -470
-195 -203 -424
-99 -109 -475
-54 -177 -507
-84 -146 -518
-47 -64 -495
-66 -12 -531
31 -47 -513
-10 -62 -467
44 -16 -486
-15 53 -440
-86 81 -480
-98 83 -512
-128 70 -526
-157 101 -583
-130 121 -605
-201 88 -580
-226 39 -669
-262 12 -673
-333 -21 -745
-336 -23 -678
-241 11 -708
-272 96 -685
-186 187 -728
-116 121 -726
-200 104 -773
-253 150 -716
-287 137 -734
-379 84 -788
-358 64 -744
-398 133 -815
-354 154 -862
-286 252 -945
-372 209 -855
-289 131 -933
-319 224 -911
-390 316 -927
-411 322 -900
-447 268 -894
-528 334 -927
-483 386 -920
-463 318 -867
-530 338 -935
-550 328 -848
-529 259 -834
-517 246 -841
-421 147 -769
-480 96 -728
-438 70 -727
-338 64 -747
-319 16 -818
-227 97 -797
-180 39 -731
-211 -7 -777
-304 26 -759
-359 109 -842
-315 86 -766
-256 182 -832
-324 181 -923
-355 145 -853
-311 93 -874
-348 -3 -950
-356 -66 -1040
-261 -85 -1057
-164 -4 -964
-252 23 -1047
-245 75 -1036
-281 118 -1104
-370 161 -1184
-296 231 -1206
-369 213 -1271
-403 195 -1316
-450 159 -1230
-427 177 -1326
-354 172 -1227
-276 107 -1304
-275 14 -1401
-314 -85 -1414
-365 -133 -1456
-332 -227 -1410
-320 -169 -1394
-236 -238 -1317
-225 -291 -1379
-317 -390 -1470
-413 -482 -1477
-473 -524 -1530
-497 -539 -1553
-510 -616 -1481
-495 -549 -1421
-569 -546 -1505
-561 -645 -1591
-498 -698 -1576
-509 -607 -1541
-592 -685 -1532
-505 -615 -1554
-415 -624 -1592
-461 -544 -1566
-546 -465 -1604
-537 -551 -1567
-511 -491 -1488
-444 -460 -1430
-525 -550 -1440
-571 -541 -1430
-498 -592 -1401
-522 -592 -1385
-597 -664 -1450
-563 -623 -1452
-571 -580 -1488
-628 -642 -1511
-655 -651 -1603
-736 -666 -1658
-745 -736 -1614
-662 -820 -1647
-649 -751 -1576
-680 -801 -1622
-588 -705 -1674
-523 -640 -1716
-575 -684 -1791
-649 -666 -1724
-684 -723 -1735
-765 -629 -1774
-831 -542 -1822
-866 -472 -1852
-807 -515 -1805
-729 -468 -1846
-819 -537 -1830
-829 -511 -1852
-806 -570 -1912
-803 -645 -1893
-805 -636 -1964
-880 -557 -2031
-968 -557 -2005
-903 -627 -2092
-947 -637 -2093
-1001 -732 -2172
-1010 -647 -2190
-991 -643 -2245
-906 -686 -2290
-870 -688 -2330
-923 -772 -2297
-940 -775 -2216
-944 -751 -2228
-1013 -818 -2297
-1054 -876 -2260
-1043 -923 -2251
-1108 -923 -2234
-1147 -864 -2269
-1096 -793 -2263
-1142 -725 -2290
-1237 -672 -2266
-1272 -658 -2194
-1223 -745 -2269
-1307 -783 -2357
-1254 -882 -2382
-1348 -877 -2420
-1302 -845 -2471
-1387 -777 -2532
-1319 -835 -2586
-1369 -925 -2614
-1417 -990 -2632
-1513 -919 -2689
-1431 -925 -2730
-1333 -963 -2762
-1246 -1050 -2686
-1313 -1087 -2644
-1344 -1159 -2675
-1366 -1257 -2703
-1418 -1331 -2792
-1505 -1273 -2697
-1604 -1290 -2752
-1587 -1323 -2698
-1493 -1252 -2794
-1397 -1244 -2788
-1421 -1219 -2831
-1354 -1158 -2924
-1347 -1193 -2887
-1419 -1115 -2792
-1324 -1034 -2892
-1408 -952 -2966
-1508 -920 -2966
-1444 -925 -2977
-1407 -944 -3058
-1473 -985 -3122
-1493 -942 -3082
-1490 -985 -3120
-1558 -947 -3045
-1634 -1014 -2964
-1622 -1011 -2880
-1632 -1055 -2909
-1631 -1136 -2883
-1563 -1102 -2859
-1533 -1150 -2788
-1466 -1220 -2886
-1532 -1151 -2922
-1464 -1204 -2822
-1436 -1140 -2898
-1468 -1098 -2818
-1382 -1085 -2825
-1428 -1017 -2918
-1393 -1063 -2881
-1478 -1026 -2792
-1511 -1038 -2718
-1451 -1017 -2645
-1509 -927 -2643
-1541 -921 -2577
-1568 -913 -2554
-1525 -816 -2498
-1504 -774 -2451
-1443 -701 -2431
-1405 -769 -2480
-1362 -675 -2559
-1270 -578 -2593
-1260 -588 -2551
-1272 -659 -2628
-1364 -644 -2667
-1414 -733 -2755
-1443 -645 -2717
-1490 -718 -2782
-1566 -688 -2804
-1631 -784 -2762
-1591 -742 -2665
-1497 -660 -2686
-1397 -754 -2786
-1385 -827 -2743
-1335 -831 -2665
-1345 -827 -2633
-1424 -731 -2578
-1503 -757 -2673
-1538 -657 -2627
-1547 -673 -2626
-1555 -608 -2527
-1569 -524 -2432
-1523 -487 -2402
-1512 -479 -2477
-1481 -413 -2503
-1487 -410 -2464
-1466 -359 -2411
-1533 -361 -2417
-1581 -441 -2465
-1588 -380 -2397
-1559 -417 -2335
-1481 -337 -2260
-1450 -407 -2169
-1403 -382 -2268
-1433 -462 -2283
-1374 -423 -2266
-1373 -510 -2274
-1362 -437 -2339
-1349 -364 -2337
-1305 -434 -2352
-1320 -378 -2444
-1402 -419 -2427
-1453 -353 -2344
-1481 -448 -2270
-1411 -491 -2316
-1461 -453 -2247
-1553 -360 -2299
-1477 -430 -2346
-1509 -478 -2432
-1477 -559 -2516
-1560 -568 -2560
-1498 -498 -2508
-1441 -401 -2509
-1444 -457 -2450
-1437 -486 -2442
-1343 -564 -2366
-1346 -483 -2305
-1265 -518 -2377
-1335 -452 -2409
-1369 -523 -2379
-1358 -616 -2402
-1409 -566 -2341
-1360 -486 -2375
-1374 -426 -2293
-1462 -504 -2226
-1474 -599 -2159
-1552 -591 -2214
-1642 -644 -2231
-1711 -564 -2211
-1781 -541 -2114
-1839 -464 -2155
-1743 -443 -2163
-1755 -432 -2134
-1726 -519 -2050
-1781 -474 -2009
-1825 -400 -2042
-1817 -474 -1981
-1738 -423 -1979
-1734 -411 -1961
-1660 -372 -1961
-1708 -307 -2058
-1769 -312 -2122
-1736 -334 -2152
-1814 -294 -2108
-1783 -198 -2139
-1770 -208 -2149
-1678 -148 -2125
-1651 -152 -2140
-1705 -105 -2200
-1640 -102 -2106
-1714 -112 -2035
-1702 -91 -2043
-1668 -39 -1997
-1600 -76 -2067
-1568 -47 -2006
-1490 37 -2023
-1492 57 -1963
-1392 155 -1901
-1468 187 -1912
-1565 280 -1844
-1522 282 -1771
-1534 327 -1822
-1585 367 -1801
-1592 283 -1772
-1577 211 -1834
-1508 210 -1905
-1452 116 -1893
-1534 22 -1886
-1503 -66 -1976
-1459 -162 -2026
-1407 -151 -2119
-1475 -120 -2056
-1410 -151 -2142
-1379 -196 -2081
-1470 -108 -2048
-1403 -144 -2030
-1345 -159 -2104
-1311 -235 -2177
-1352 -245 -2116
-1340 -335 -2017
-1277 -250 -2087
-1195 -316 -2168
-1247 -291 -2134
408 10 21 23
1 28 30
-28 -31 -51
48 -63 -105
90 -77 -70
183 -70 -134
121 -129 -103
46 -126 -31
56 -63 -38
155 -133 -61
158 -121 -5
91 -34 89
66 -65 116
148 11 37
129 -24 24
41 -72 1
-48 -8 -64
-141 85 -26
-92 171 -48
-169 220 -120
-190 260 -94
-158 346 -128
-201 283 -102
-108 332 -57
-141 367 -110
-205 313 -87
-245 266 -135
-264 233 -145
-197 217 -85
-192 301 -82
-250 391 -2
-328 354 -72
-373 326 -137
-316 232 -93
-402 251 -44
-502 214 -97
-455 271 -3
-371 182 -54
-277 87 -39
-309 163 -85
-407 149 -81
-323 211 -95
-308 235 -184
-345 256 -221
-333 341 -246
-295 251 -211
-208 170 -153
-203 75 -107
-178 64 -75
-225 93 -95
-171 58 -84
-263 -2 -109
-224 55 -115
-297 -5 -146
-226 38 -244
-171 111 -168
-121 58 -135
-153 -27 -106
-171 -28 -92
-262 -101 -41
-346 -8 30
-339 37 -11
-436 -47 -79
-463 7 -156
-505 37 -216
-462 88 -192
-491 117 -122
-497 138 -36
-502 140 -122
-425 182 -189
-487 228 -109
-388 320 -147
-293 260 -183
-272 267 -83
-225 225 -26
-290 197 -94
-379 145 -40
-338 56 -130
-262 82 -47
-226 111 -127
-257 160 -120
-228 145 -41
-253 198 -93
-230 118 -44
-211 206 -91
-190 271 -135
-186 234 -123
-256 276 -147
-166 229 -203
-237 154 -270
-184 128 -238
-224 77 -301
-308 127 -252
-358 57 -279
-336 157 -263
-248 162 -195
-184 193 -276
-245 269 -308
-167 301 -338
-92 205 -250
-126 275 -159
-38 226 -224
-136 210 -133
-224 276 -134
-315 342 -77
-219 275 -115
-122 373 -151
-54 351 -237
7 380 -186
-5 479 -213
51 476 -310
56 413 -390
144 374 -304
50 411 -397
125 326 -408
131 368 -386
37 379 -437
25 320 -441
-64 256 -533
-78 311 -463
0 229 -485
66 171 -521
166 110 -606
139 22 -701
44 -15 -752
52 55 -847
89 65 -786
88 42 -782
0 -43 -767
-50 -65 -734
-14 -82 -663
-45 6 -722
4 47 -665
17 131 -598
58 228 -647
-38 172 -607
-77 84 -581
-168 2 -573
-177 37 -475
-88 87 -536
-52 186 -491
6 171 -402
-36 262 -461
-89 255 -504
-129 321 -472
-216 388 -398
-263 353 -430
-206 413 -352
-194 321 -405
-218 336 -307
-161 366 -381
-139 436 -319
-110 462 -370
-81 489 -428
1 426 -499
23 399 -478
6 475 -558
71 437 -575
100 346 -635
122 357 -715
94 321 -656
151 384 -629
140 480 -651
215 553 -553
302 649 -651
268 656 -581
342 714 -676
341 661 -594
310 618 -600
364 565 -631
437 611 -532
437 672 -620
428 646 -697
338 619 -632
246 668 -640
214 579 -547
123 659 -494
93 618 -540
107 714 -555
139 713 -584
70 791 -589
55 749 -516
14 816 -458
76 742 -403
-1 819 -400
-85 910 -405
-58 815 -318
-97 840 -326
-176 745 -252
-275 757 -214
-233 701 -155
-264 695 -62
-325 627 -30
-325 679 -112
-385 750 -195
-352 807 -189
-406 899 -145
-415 922 -159
-442 846 -121
-357 870 -91
-436 959 -142
-444 1025 -103
-360 1078 -139
-372 1025 -72
-468 1006 21
-432 940 32
-447 988 -48
-524 1035 -103
-616 1028 -50
-612 1066 -100
-699 990 -139
-752 947 -170
-747 865 -223
-744 892 -201
-729 960 -197
-669 914 -156
-739 989 -110
-692 948 -124
-770 897 -214
-726 984 -220
-702 988 -248
-616 945 -195
-678 859 -288
-649 869 -230
-665 843 -191
-721 895 -251
-630 929 -180
-628 928 -166
-554 883 -137
-550 786 -168
-469 691 -90
-504 654 -22
-415 676 28
-416 674 93
-458 708 55
-491 748 22
-579 806 45
-525 887 71
-606 947 110
-590 866 185
-638 800 232
-538 814 240
-637 869 164
-541 798 218
-613 727 314
-586 695 315
-592 697 229
-690 792 259
-662 723 321
-703 777 244
-685 814 227
-773 724 324
-811 762 230
-714 771 271
-664 808 337
-666 740 238
-656 698 327
-718 737 253
-771 681 168
-810 698 89
-899 759 14
-962 837 -65
-902 867 16
-834 837 -57
-933 863 0
-869 871 -53
-830 783 -128
-861 808 -104
-888 718 -105
-949 678 -23
-921 631 35
-992 541 127
-896 549 41
-870 602 7
-850 688 13
-786 655 -52
-836 557 -1
-909 513 89
-947 550 83
-1045 555 3
-994 565 95
-943 579 182
-1010 586 223
-1024 677 244
-1110 712 295
-1137 704 351
-1070 640 258
-1100 600 198
-1040 561 192
-994 659 256
-1036 571 202
-1114 478 140
-1130 525 191
-1032 546 250
-1130 606 297
-1230 599 301
-1279 554 308
-1239 548 248
-1178 502 266
-1114 475 335
-1073 498 260
-1059 592 217
-1116 554 123
-1066 466 75
-1120 520 -22
-1207 468 -115
-1148 487 -72
-1054 485 -166
-1113 585 -90
-1146 535 6
-1051 499 53
-964 512 9
-1016 594 -86
-940 672 -152
-985 574 -96
-891 549 -125
-838 560 -137
-785 619 -114
-718 627 -125
-747 582 -205
-662 648 -127
-635 740 -42
-540 700 -141
-475 657 -148
-389 640 -86
-344 614 -65
-393 575 -37
-473 520 30
-538 527 64
-509 497 -8
-431 513 3
-373 438 -87
-416 346 -144
-442 259 -140
-538 328 -127
-587 260 -153
-646 347 -114
-696 345 -108
-715 275 -142
-793 251 -73
-705 267 -41
-664 194 -123
-676 109 -36
-679 72 41
-618 146 121
-606 81 32
-555 164 53
-602 81 -41
-565 119 14
-491 27 26
-471 -66 112
-481 -92 74
-504 5 152
-530 4 119
-456 56 98
-486 97 167
-446 26 141
-538 -38 129
-631 -17 133
-550 56 197
-555 -30 130
-556 -21 221
-480 -10 250
-474 -52 311
-523 -128 228
-558 -140 240
-588 -91 281
-593 -92 330
-682 -113 301
-744 -46 231
-670 47 228
-765 124 171
-795 56 266
-713 43 333
-731 79 305
-739 172 232
-644 188 254
-738 122 310
-763 153 322
-791 63 256
-761 33 170
-666 64 81
-613 157 90
-699 80 182
-668 -16 160
-671 66 164
-751 25 211
-822 -48 242
-773 -20 325
-675 -90 397
-670 -74 449
-639 -54 443
-540 2 500
-601 -16 437
-539 -90 348
-497 -37 320
-591 -77 338
-510 -21 406
-587 37 434
-624 92 460
-603 96 474
-623 11 541
-630 65 483
-679 149 531
-593 241 610
-586 183 640
-589 274 649
-516 190 555
-422 212 596
332 18 25 27
26 49 4
101 39 -84
53 86 -60
88 99 -123
140 132 -160
94 189 -79
186 139 -131
187 127 -59
208 192 -52
299 141 36
339 175 43
275 173 81
193 73 150
273 35 184
270 32 166
235 -33 95
266 -109 12
172 -70 36
211 14 134
116 -5 185
26 81 167
80 170 203
23 75 109
-66 108 199
-163 118 270
-211 201 197
-280 250 250
-367 264 169
-439 282 250
-451 322 349
-355 244 391
-391 152 448
-454 61 414
-402 96 467
-356 144 447
-322 201 453
-255 286 502
-304 352 508
-282 337 550
-311 285 491
-321 369 441
-405 331 369
-361 310 365
-332 237 347
-268 311 358
-206 302 289
-258 239 340
-245 291 288
-239 206 278
-279 203 183
-199 140 192
-262 208 247
-293 158 221
-328 200 204
-288 130 207
-294 181 296
-305 134 271
-246 92 254
-211 166 228
-153 233 189
-95 141 116
-87 204 28
-77 256 -20
-171 334 67
-143 396 21
-177 454 -66
-172 500 -138
-167 496 -108
-197 463 -181
-197 523 -107
-271 535 -133
-251 478 -189
-312 440 -199
-224 537 -254
-228 451 -174
-229 467 -200
-329 484 -284
-262 514 -368
-192 528 -359
-200 603 -319
-300 653 -328
-286 652 -228
-337 601 -294
-412 605 -201
-487 657 -287
-510 618 -260
-418 655 -228
-419 692 -275
-497 652 -282
-586 588 -235
-678 499 -206
-760 405 -128
-688 468 -59
-767 422 -54
-743 471 -65
-660 417 -161
-576 475 -163
-644 485 -207
-649 515 -227
-702 607 -255
-779 685 -232
-870 779 -295
-826 864 -306
-748 936 -311
-705 978 -387
-797 1023 -450
-849 936 -480
-820 1013 -454
-818 915 -381
-733 923 -327
-718 993 -263
-699 954 -245
-628 954 -244
-533 998 -313
-527 986 -383
-602 1014 -381
-677 999 -421
-587 1015 -388
-590 1094 -378
-597 1028 -370
-497 973 -288
-400 988 -337
-312 963 -372
-321 969 -284
-366 932 -344
-454 926 -248
-355 964 -189
-276 933 -111
-332 957 -92
-395 900 -190
-397 989 -193
-312 962 -248
-373 954 -212
-377 923 -246
-368 884 -247
-274 902 -272
-352 974 -214
-303 1034 -212
-291 1080 -250
-300 1042 -253
-230 952 -350
-194 1040 -402
-238 967 -385
-165 951 -357
-188 985 -417
-138 1039 -426
-224 975 -480
-297 1008 -385
-323 1011 -458
-384 1016 -538
-375 1087 -563
-292 1029 -586
-350 938 -624
-324 1037 -587
-403 1116 -643
-494 1028 -633
-518 1016 -706
-446 945 -724
-510 935 -667
-465 879 -731
-440 949 -830
-387 915 -858
-349 860 -858
-297 904 -776
-222 960 -713
-305 862 -704
-353 799 -662
-322 740 -618
-288 810 -636
-292 769 -641
-361 846 -563
-294 874 -661
-335 814 -632
-256 903 -592
-349 865 -620
-274 811 -570
-364 738 -619
-406 774 -637
-467 786 -564
-539 784 -608
-537 727 -590
-535 637 -548
-528 700 -589
-451 720 -581
-524 673 -485
-509 756 -528
-461 675 -433
-523 758 -372
-623 679 -402
-668 675 -362
-699 681 -413
-633 644 -397
-680 713 -384
-765 671 -447
-682 659 -484
-691 639 -459
-628 626 -364
-621 579 -294
-694 638 -354
-745 539 -345
-669 519 -273
-581 616 -324
-675 646 -375
-634 595 -365
-575 553 -412
-548 593 -423
-635 654 -412
-618 723 -430
-657 819 -339
-705 772 -373
-709 696 -448
-771 624 -386
-731 685 -358
-677 699 -384
-640 731 -395
-658 678 -475
-734 687 -535
-830 734 -549
-739 748 -571
-797 816 -584
-888 803 -487
-968 760 -510
-889 787 -426
-932 827 -379
-866 742 -376
-921 681 -370
-965 586 -341
-916 530 -411
-859 517 -413
-894 530 -436
-841 445 -499
-752 438 -454
-688 464 -372
-698 385 -466
-737 294 -381
-668 199 -369
-747 128 -322
-774 181 -316
-852 233 -307
-847 195 -280
-780 274 -212
-775 306 -182
-766 354 -161
-714 429 -172
-621 509 -123
-687 514 -96
-613 501 -98
-548 460 -25
-582 466 -36
-495 555 -107
-488 578 -177
-573 502 -166
-500 577 -252
-458 487 -334
-539 390 -390
-618 321 -296
-559 400 -282
-646 442 -337
-654 485 -301
-729 441 -235
-648 465 -261
-628 407 -267
-690 485 -240
-618 462 -222
-606 406 -252
-581 327 -212
-531 313 -206
-527 322 -268
-536 379 -279
-437 305 -274
-514 356 -224
-514 407 -141
-573 433 -163
-499 470 -242
-595 454 -206
-534 424 -303
-552 343 -271
-532 408 -183
-548 458 -223
-490 501 -307
-534 416 -226
-553 321 -250
-458 299 -208
-510 199 -276
-571 162 -178
-478 213 -190
-404 313 -288
-366 330 -352
-381 318 -385
-355 325 -358
-314 295 -424
-368 211 -330
-458 215 -383
-532 276 -344
-464 335 -361
-467 349 -428
-383 284 -362
-354 202 -333
-421 222 -264
-353 142 -269
-317 220 -348
-238 263 -294
-273 219 -268
-205 313 -275
-119 264 -209
-111 302 -112
-96 219 -16
-64 249 -63
-40 244 30
44 317 13
-24 291 -71
74 378 -144
90 327 -191
165 369 -223
115 307 -277
135 209 -239
161 308 -311
107 328 -286
77 248 -287
9 178 -233
33 109 -193
18 154 -99
-15 57 -190
62 14 -279
7 -37 -363
85 -122 -463
83 -64 -526
156 -68 -522
166 14 -470
193 -54 -515
187 -74 -606
219 -93 -531
104 1 14 18
74 -60 43
-21 -24 38
-64 61 11
-11 10 -57
-20 79 -79
-91 116 -105
-161 144 -61
-101 230 -56
-119 144 15
-110 173 -64
-103 150 -128
-47 62 -186
26 62 -262
-34 37 -169
-58 -7 -260
17 16 -172
96 -1 -113
107 10 -206
13 106 -121
-12 146 -178
-95 96 -251
-12 8 -321
-24 -76 -299
52 -85 -287
-28 -135 -379
-88 -158 -479
-180 -72 -393
-171 -14 -449
-120 -106 -502
-49 -120 -431
-60 -185 -421
-149 -96 -475
-181 -32 -465
-210 -3 -455
-170 93 -396
-102 124 -371
-200 189 -337
-121 144 -248
-121 137 -346
-113 143 -395
-57 188 -383
-41 284 -448
-49 357 -482
-55 424 -388
-135 521 -329
-135 561 -351
-153 584 -318
-132 663 -322
-140 707 -332
-189 615 -423
-236 665 -468
-190 638 -552
-115 606 -531
-112 563 -625
-157 660 -666
-135 727 -615
-137 814 -517
-57 714 -442
-96 686 -478
-96 615 -519
-71 591 -446
-7 573 -539
-88 583 -635
-21 504 -638
20 459 -617
-63 523 -671
-92 581 -605
-17 536 -592
-90 560 -568
-56 623 -499
-124 720 -527
-102 687 -616
-64 592 -631
-115 495 -697
-185 520 -664
-206 428 -719
-241 392 -670
-169 325 -678
-122 377 -690
-63 433 -774
-147 442 -768
-147 488 -704
-105 461 -759
-93 437 -669
-3 429 -735
28 330 -635
1 306 -549
-88 232 -527
-130 226 -605
-76 150 -686
-1 142 -700
-29 136 -744
-110 91 -648
-136 184 -677
-148 91 -684
-90 20 -773
-12 27 -783
-79 -38 -820
-36 12 -858
50 101 -797
33 150 -706
110 118 -707
75 120 -632
127 194 -681